                          MNLogit Regression Results                          
==============================================================================
Dep. Variable:                      y   No. Observations:                 4161
Model:                        MNLogit   Df Residuals:                     4096
Method:                           MLE   Df Model:                           60
Date:                Fri, 04 Sep 2026   Pseudo R-squ.:                  0.1460
Time:                        14:52:25   Log-Likelihood:                -5810.2
converged:                      False   LL-Null:                       -6803.7
Covariance Type:            nonrobust   LLR p-value:                     0.000
==========================================================================================
                   y=1       coef    std err          z      P>|z|      [0.025      0.975]
------------------------------------------------------------------------------------------
const                      2.5628      0.301      8.527      0.000       1.974       3.152
period_late               -0.4785      0.107     -4.481      0.000      -0.688      -0.269
subj_type_econ             0.3014      0.273      1.104      0.269      -0.234       0.836
subj_type_fed              0.4627      0.559      0.828      0.408      -0.632       1.558
subj_type_it_there_rel     0.2400      0.281      0.854      0.393      -0.311       0.791
subj_type_none             0.3960      0.589      0.672      0.502      -0.759       1.551
subj_type_other            0.2066      0.269      0.767      0.443      -0.321       0.735
subj_type_person           0.6920      0.301      2.298      0.022       0.102       1.282
subj_type_risks            3.7747      6.970      0.542      0.588      -9.886      17.435
subj_type_we_I            -0.4354      0.282     -1.543      0.123      -0.989       0.118
layer_speech_chair        -3.4063      0.196    -17.383      0.000      -3.790      -3.022
cond                       0.4956      0.119      4.172      0.000       0.263       0.728
reported                   0.3439      0.126      2.737      0.006       0.098       0.590
------------------------------------------------------------------------------------------
                   y=2       coef    std err          z      P>|z|      [0.025      0.975]
------------------------------------------------------------------------------------------
const                      0.2009      0.451      0.446      0.656      -0.683       1.085
period_late               -0.4092      0.132     -3.104      0.002      -0.668      -0.151
subj_type_econ             1.1208      0.422      2.656      0.008       0.294       1.948
subj_type_fed              0.4392      0.881      0.499      0.618      -1.287       2.166
subj_type_it_there_rel     1.4887      0.424      3.514      0.000       0.658       2.319
subj_type_none             1.4235      0.704      2.023      0.043       0.044       2.803
subj_type_other            1.0935      0.418      2.614      0.009       0.274       1.914
subj_type_person           0.8177      0.462      1.770      0.077      -0.088       1.723
subj_type_risks           -2.0615     46.379     -0.044      0.965     -92.962      88.839
subj_type_we_I            -0.5842      0.453     -1.288      0.198      -1.473       0.305
layer_speech_chair        -2.2408      0.232     -9.638      0.000      -2.696      -1.785
cond                       0.9170      0.133      6.890      0.000       0.656       1.178
reported                  -0.8422      0.180     -4.690      0.000      -1.194      -0.490
------------------------------------------------------------------------------------------
                   y=3       coef    std err          z      P>|z|      [0.025      0.975]
------------------------------------------------------------------------------------------
const                     -3.9362      0.942     -4.180      0.000      -5.782      -2.091
period_late               -0.2793      0.119     -2.344      0.019      -0.513      -0.046
subj_type_econ             1.9285      0.739      2.610      0.009       0.481       3.376
subj_type_fed              3.3108      0.832      3.979      0.000       1.680       4.942
subj_type_it_there_rel     1.9888      0.742      2.679      0.007       0.534       3.444
subj_type_none             3.9974      0.832      4.803      0.000       2.366       5.629
subj_type_other            2.0288      0.735      2.761      0.006       0.588       3.469
subj_type_person           2.4544      0.752      3.263      0.001       0.980       3.929
subj_type_risks            7.1593      6.930      1.033      0.302      -6.423      20.742
subj_type_we_I             1.4609      0.737      1.982      0.047       0.016       2.906
layer_speech_chair         1.2901      0.613      2.106      0.035       0.089       2.491
cond                       0.3092      0.137      2.254      0.024       0.040       0.578
reported                  -0.8098      0.196     -4.127      0.000      -1.194      -0.425
------------------------------------------------------------------------------------------
                   y=4       coef    std err          z      P>|z|      [0.025      0.975]
------------------------------------------------------------------------------------------
const                      0.5271      0.404      1.304      0.192      -0.265       1.319
period_late               -0.5989      0.156     -3.833      0.000      -0.905      -0.293
subj_type_econ             0.5956      0.374      1.592      0.111      -0.138       1.329
subj_type_fed              1.0626      0.693      1.533      0.125      -0.296       2.421
subj_type_it_there_rel    -0.4185      0.421     -0.993      0.321      -1.245       0.408
subj_type_none             1.3240      0.678      1.952      0.051      -0.006       2.654
subj_type_other            0.5307      0.371      1.431      0.152      -0.196       1.258
subj_type_person           0.2721      0.432      0.630      0.529      -0.575       1.119
subj_type_risks            5.3203      6.951      0.765      0.444      -8.303      18.943
subj_type_we_I            -0.1386      0.395     -0.351      0.726      -0.913       0.635
layer_speech_chair        -2.3804      0.242     -9.830      0.000      -2.855      -1.906
cond                      -0.1726      0.194     -0.888      0.375      -0.554       0.208
reported                   0.3404      0.174      1.960      0.050   -1.63e-05       0.681
------------------------------------------------------------------------------------------
                   y=5       coef    std err          z      P>|z|      [0.025      0.975]
------------------------------------------------------------------------------------------
const                     -1.5780      0.785     -2.009      0.045      -3.117      -0.039
period_late               -0.6898      0.141     -4.883      0.000      -0.967      -0.413
subj_type_econ             2.2292      0.758      2.942      0.003       0.744       3.715
subj_type_fed              0.7953      1.290      0.617      0.537      -1.732       3.323
subj_type_it_there_rel     2.4432      0.760      3.215      0.001       0.954       3.933
subj_type_none             2.0247      1.011      2.002      0.045       0.042       4.007
subj_type_other            2.4464      0.754      3.243      0.001       0.968       3.925
subj_type_person           2.1342      0.780      2.735      0.006       0.605       3.663
subj_type_risks            7.3355      6.932      1.058      0.290      -6.251      20.922
subj_type_we_I            -0.1952      0.794     -0.246      0.806      -1.752       1.362
layer_speech_chair        -1.2398      0.273     -4.548      0.000      -1.774      -0.706
cond                       0.0864      0.154      0.563      0.574      -0.215       0.388
reported                  -0.8579      0.193     -4.437      0.000      -1.237      -0.479
==========================================================================================