Reference category: will (code 0). Categories: will, would, could, can, should, may
                          MNLogit Regression Results                          
==============================================================================
Dep. Variable:                      y   No. Observations:                24589
Model:                        MNLogit   Df Residuals:                    24524
Method:                           MLE   Df Model:                           60
Date:                Fri, 28 Aug 2026   Pseudo R-squ.:                 0.09939
Time:                        18:01:12   Log-Likelihood:                -34819.
converged:                       True   LL-Null:                       -38662.
Covariance Type:            nonrobust   LLR p-value:                     0.000
==========================================================================================
                   y=1       coef    std err          z      P>|z|      [0.025      0.975]
------------------------------------------------------------------------------------------
const                      0.2335      0.084      2.780      0.005       0.069       0.398
doc_type_press_conf       -2.0073      0.053    -37.709      0.000      -2.112      -1.903
doc_type_speech           -2.3426      0.066    -35.620      0.000      -2.472      -2.214
doc_type_statement        -3.6704      0.155    -23.604      0.000      -3.975      -3.366
period_late               -0.1899      0.037     -5.187      0.000      -0.262      -0.118
subj_type_econ             1.2588      0.094     13.369      0.000       1.074       1.443
subj_type_fed              0.9712      0.214      4.545      0.000       0.552       1.390
subj_type_it_there_rel     1.7051      0.096     17.811      0.000       1.517       1.893
subj_type_none             2.1601      0.202     10.681      0.000       1.764       2.556
subj_type_other            1.4577      0.094     15.578      0.000       1.274       1.641
subj_type_person           2.1138      0.106     19.878      0.000       1.905       2.322
subj_type_risks            3.2533      0.985      3.303      0.001       1.323       5.184
subj_type_we_I             1.7512      0.097     18.031      0.000       1.561       1.942
------------------------------------------------------------------------------------------
                   y=2       coef    std err          z      P>|z|      [0.025      0.975]
------------------------------------------------------------------------------------------
const                     -1.3168      0.137     -9.642      0.000      -1.585      -1.049
doc_type_press_conf       -2.1194      0.062    -33.960      0.000      -2.242      -1.997
doc_type_speech           -1.9030      0.076    -24.998      0.000      -2.052      -1.754
doc_type_statement        -2.8413      0.157    -18.082      0.000      -3.149      -2.533
period_late               -0.1164      0.047     -2.470      0.014      -0.209      -0.024
subj_type_econ             1.9919      0.144     13.787      0.000       1.709       2.275
subj_type_fed              1.7934      0.276      6.502      0.000       1.253       2.334
subj_type_it_there_rel     2.6199      0.145     18.057      0.000       2.336       2.904
subj_type_none             2.9885      0.252     11.847      0.000       2.494       3.483
subj_type_other            2.2188      0.144     15.454      0.000       1.937       2.500
subj_type_person           2.9347      0.156     18.858      0.000       2.630       3.240
subj_type_risks            4.5878      0.998      4.599      0.000       2.632       6.543
subj_type_we_I             1.2361      0.158      7.824      0.000       0.926       1.546
------------------------------------------------------------------------------------------
                   y=3       coef    std err          z      P>|z|      [0.025      0.975]
------------------------------------------------------------------------------------------
const                     -5.1676      0.513    -10.074      0.000      -6.173      -4.162
doc_type_press_conf        0.9073      0.124      7.338      0.000       0.665       1.150
doc_type_speech            1.3127      0.129     10.182      0.000       1.060       1.565
doc_type_statement        -2.1155      0.511     -4.137      0.000      -3.118      -1.113
period_late                0.1274      0.053      2.402      0.016       0.023       0.231
subj_type_econ             2.6500      0.513      5.168      0.000       1.645       3.655
subj_type_fed              3.6613      0.542      6.753      0.000       2.599       4.724
subj_type_it_there_rel     2.6216      0.513      5.114      0.000       1.617       3.626
subj_type_none             5.5012      0.533     10.319      0.000       4.456       6.546
subj_type_other            3.0218      0.511      5.912      0.000       2.020       4.024
subj_type_person           4.4197      0.512      8.630      0.000       3.416       5.423
subj_type_risks            5.4964      1.172      4.692      0.000       3.200       7.793
subj_type_we_I             3.0548      0.511      5.981      0.000       2.054       4.056
------------------------------------------------------------------------------------------
                   y=4       coef    std err          z      P>|z|      [0.025      0.975]
------------------------------------------------------------------------------------------
const                     -1.2878      0.135     -9.560      0.000      -1.552      -1.024
doc_type_press_conf       -0.9604      0.085    -11.299      0.000      -1.127      -0.794
doc_type_speech           -1.0244      0.099    -10.377      0.000      -1.218      -0.831
doc_type_statement        -1.7798      0.180     -9.888      0.000      -2.133      -1.427
period_late               -0.5218      0.064     -8.204      0.000      -0.646      -0.397
subj_type_econ             0.8530      0.146      5.832      0.000       0.566       1.140
subj_type_fed              1.3660      0.263      5.200      0.000       0.851       1.881
subj_type_it_there_rel     0.4800      0.156      3.068      0.002       0.173       0.787
subj_type_none             1.6351      0.292      5.605      0.000       1.063       2.207
subj_type_other            0.9481      0.146      6.494      0.000       0.662       1.234
subj_type_person           1.1890      0.169      7.022      0.000       0.857       1.521
subj_type_risks            3.5327      1.040      3.395      0.001       1.493       5.572
subj_type_we_I             0.2996      0.159      1.884      0.060      -0.012       0.611
------------------------------------------------------------------------------------------
                   y=5       coef    std err          z      P>|z|      [0.025      0.975]
------------------------------------------------------------------------------------------
const                     -3.1816      0.306    -10.401      0.000      -3.781      -2.582
doc_type_press_conf       -1.3806      0.080    -17.269      0.000      -1.537      -1.224
doc_type_speech           -0.5660      0.083     -6.792      0.000      -0.729      -0.403
doc_type_statement        -2.2624      0.208    -10.852      0.000      -2.671      -1.854
period_late               -0.3113      0.062     -5.045      0.000      -0.432      -0.190
subj_type_econ             2.9463      0.310      9.494      0.000       2.338       3.555
subj_type_fed              1.9042      0.501      3.798      0.000       0.921       2.887
subj_type_it_there_rel     3.2388      0.311     10.399      0.000       2.628       3.849
subj_type_none             4.0458      0.380     10.641      0.000       3.301       4.791
subj_type_other            3.0362      0.310      9.792      0.000       2.428       3.644
subj_type_person           2.9628      0.325      9.113      0.000       2.326       3.600
subj_type_risks            5.3943      1.078      5.006      0.000       3.282       7.506
subj_type_we_I             1.3408      0.328      4.092      0.000       0.699       1.983
==========================================================================================

pseudo R2 = 0.0994
