                          MNLogit Regression Results                          
==============================================================================
Dep. Variable:                      y   No. Observations:                 4931
Model:                        MNLogit   Df Residuals:                     4861
Method:                           MLE   Df Model:                           65
Date:                Fri, 04 Sep 2026   Pseudo R-squ.:                  0.1924
Time:                        14:03:59   Log-Likelihood:                -6309.1
converged:                       True   LL-Null:                       -7812.1
Covariance Type:            nonrobust   LLR p-value:                     0.000
==========================================================================================
                   y=1       coef    std err          z      P>|z|      [0.025      0.975]
------------------------------------------------------------------------------------------
const                      3.0861      0.261     11.841      0.000       2.575       3.597
period_late               -0.1903      0.100     -1.910      0.056      -0.386       0.005
subj_type_econ            -0.3271      0.206     -1.584      0.113      -0.732       0.078
subj_type_fed             -0.3881      0.499     -0.778      0.437      -1.366       0.590
subj_type_it_there_rel    -0.2954      0.215     -1.374      0.169      -0.717       0.126
subj_type_none            -0.2101      0.564     -0.373      0.709      -1.315       0.895
subj_type_other           -0.4995      0.206     -2.426      0.015      -0.903      -0.096
subj_type_person           0.0347      0.252      0.137      0.891      -0.460       0.530
subj_type_risks            2.3940      4.741      0.505      0.614      -6.897      11.685
subj_type_we_I            -1.0812      0.224     -4.831      0.000      -1.520      -0.643
layer_speech_chair        -3.4627      0.195    -17.791      0.000      -3.844      -3.081
layer_statement           -5.5575      0.250    -22.200      0.000      -6.048      -5.067
cond                       1.0910      0.114      9.540      0.000       0.867       1.315
reported                   0.1288      0.119      1.080      0.280      -0.105       0.363
------------------------------------------------------------------------------------------
                   y=2       coef    std err          z      P>|z|      [0.025      0.975]
------------------------------------------------------------------------------------------
const                     -0.7931      0.442     -1.795      0.073      -1.659       0.073
period_late               -0.0724      0.121     -0.597      0.550      -0.310       0.165
subj_type_econ             1.9168      0.394      4.862      0.000       1.144       2.690
subj_type_fed              0.9396      0.844      1.113      0.266      -0.715       2.594
subj_type_it_there_rel     2.5925      0.388      6.679      0.000       1.832       3.353
subj_type_none             2.2628      0.696      3.253      0.001       0.899       3.626
subj_type_other            1.8120      0.392      4.621      0.000       1.043       2.581
subj_type_person           1.6288      0.445      3.661      0.000       0.757       2.501
subj_type_risks           -1.1270     30.575     -0.037      0.971     -61.053      58.799
subj_type_we_I             0.2211      0.432      0.512      0.609      -0.625       1.068
layer_speech_chair        -2.2960      0.232     -9.891      0.000      -2.751      -1.841
layer_statement           -3.5019      0.276    -12.708      0.000      -4.042      -2.962
cond                       1.5320      0.127     12.095      0.000       1.284       1.780
reported                  -1.0185      0.169     -6.016      0.000      -1.350      -0.687
------------------------------------------------------------------------------------------
                   y=3       coef    std err          z      P>|z|      [0.025      0.975]
------------------------------------------------------------------------------------------
const                     -4.1083      0.958     -4.290      0.000      -5.985      -2.231
period_late               -0.1604      0.118     -1.363      0.173      -0.391       0.070
subj_type_econ             2.0917      0.754      2.776      0.006       0.615       3.569
subj_type_fed              3.2839      0.829      3.963      0.000       1.660       4.908
subj_type_it_there_rel     2.2619      0.756      2.990      0.003       0.779       3.744
subj_type_none             4.1549      0.848      4.898      0.000       2.492       5.817
subj_type_other            2.1302      0.750      2.839      0.005       0.660       3.601
subj_type_person           2.5989      0.769      3.381      0.001       1.092       4.106
subj_type_risks            6.5376      4.689      1.394      0.163      -2.653      15.728
subj_type_we_I             1.6043      0.753      2.130      0.033       0.128       3.081
layer_speech_chair         1.2406      0.610      2.033      0.042       0.044       2.437
layer_statement           -2.4365      0.792     -3.078      0.002      -3.988      -0.885
cond                       0.6435      0.139      4.623      0.000       0.371       0.916
reported                  -0.9023      0.189     -4.766      0.000      -1.273      -0.531
------------------------------------------------------------------------------------------
                   y=4       coef    std err          z      P>|z|      [0.025      0.975]
------------------------------------------------------------------------------------------
const                      0.2470      0.381      0.648      0.517      -0.499       0.993
period_late               -0.6054      0.150     -4.036      0.000      -0.899      -0.311
subj_type_econ             1.1832      0.326      3.624      0.000       0.543       1.823
subj_type_fed              1.1798      0.638      1.849      0.064      -0.071       2.430
subj_type_it_there_rel     0.2656      0.370      0.719      0.472      -0.459       0.990
subj_type_none             1.7482      0.662      2.639      0.008       0.450       3.047
subj_type_other            0.8462      0.332      2.551      0.011       0.196       1.496
subj_type_person           0.7461      0.406      1.837      0.066      -0.050       1.542
subj_type_risks            4.9091      4.714      1.042      0.298      -4.329      14.147
subj_type_we_I             0.2870      0.360      0.798      0.425      -0.418       0.992
layer_speech_chair        -2.5396      0.238    -10.669      0.000      -3.006      -2.073
layer_statement           -3.5414      0.287    -12.332      0.000      -4.104      -2.979
cond                       0.1218      0.193      0.630      0.529      -0.257       0.501
reported                  -0.0472      0.163     -0.290      0.772      -0.366       0.272
------------------------------------------------------------------------------------------
                   y=5       coef    std err          z      P>|z|      [0.025      0.975]
------------------------------------------------------------------------------------------
const                     -2.2306      0.767     -2.908      0.004      -3.734      -0.727
period_late               -0.5388      0.134     -4.026      0.000      -0.801      -0.276
subj_type_econ             2.9788      0.728      4.093      0.000       1.552       4.405
subj_type_fed              1.1700      1.262      0.927      0.354      -1.304       3.644
subj_type_it_there_rel     3.1727      0.730      4.346      0.000       1.742       4.604
subj_type_none             2.6957      0.991      2.721      0.007       0.754       4.638
subj_type_other            3.0157      0.726      4.153      0.000       1.593       4.439
subj_type_person           2.7811      0.756      3.678      0.000       1.299       4.263
subj_type_risks            7.1865      4.686      1.534      0.125      -1.997      16.370
subj_type_we_I             0.4389      0.770      0.570      0.568      -1.069       1.947
layer_speech_chair        -1.3008      0.271     -4.809      0.000      -1.831      -0.771
layer_statement           -2.9415      0.329     -8.933      0.000      -3.587      -2.296
cond                       0.4091      0.153      2.675      0.007       0.109       0.709
reported                  -1.0948      0.184     -5.935      0.000      -1.456      -0.733
==========================================================================================