                          MNLogit Regression Results                          
==============================================================================
Dep. Variable:                      y   No. Observations:                15617
Model:                        MNLogit   Df Residuals:                    15542
Method:                           MLE   Df Model:                           70
Date:                Fri, 04 Sep 2026   Pseudo R-squ.:                  0.1024
Time:                        14:08:21   Log-Likelihood:                -21137.
converged:                       True   LL-Null:                       -23549.
Covariance Type:            nonrobust   LLR p-value:                     0.000
==========================================================================================
                   y=1       coef    std err          z      P>|z|      [0.025      0.975]
------------------------------------------------------------------------------------------
const                      2.9467      0.217     13.606      0.000       2.522       3.371
period_late               -0.3015      0.046     -6.560      0.000      -0.392      -0.211
subj_type_econ            -0.3042      0.157     -1.932      0.053      -0.613       0.004
subj_type_fed             -0.1959      0.377     -0.519      0.604      -0.936       0.544
subj_type_it_there_rel     0.3858      0.153      2.525      0.012       0.086       0.685
subj_type_none             0.7001      0.267      2.618      0.009       0.176       1.224
subj_type_other            0.1135      0.156      0.729      0.466      -0.192       0.419
subj_type_person           0.3994      0.165      2.419      0.016       0.076       0.723
subj_type_risks            4.3480      3.244      1.340      0.180      -2.011      10.707
subj_type_we_I             0.6264      0.151      4.149      0.000       0.331       0.922
layer_pc_chair            -3.5988      0.176    -20.417      0.000      -3.944      -3.253
layer_speech_chair        -3.9478      0.182    -21.725      0.000      -4.304      -3.592
layer_statement           -5.4500      0.232    -23.442      0.000      -5.906      -4.994
cond                       0.6541      0.053     12.231      0.000       0.549       0.759
reported                  -0.0166      0.055     -0.302      0.762      -0.124       0.091
------------------------------------------------------------------------------------------
                   y=2       coef    std err          z      P>|z|      [0.025      0.975]
------------------------------------------------------------------------------------------
const                     -0.6182      0.378     -1.635      0.102      -1.359       0.123
period_late               -0.3025      0.074     -4.096      0.000      -0.447      -0.158
subj_type_econ             1.5903      0.330      4.823      0.000       0.944       2.237
subj_type_fed              0.8968      0.688      1.304      0.192      -0.451       2.245
subj_type_it_there_rel     2.4573      0.325      7.561      0.000       1.820       3.094
subj_type_none             2.6115      0.430      6.067      0.000       1.768       3.455
subj_type_other            1.9548      0.328      5.964      0.000       1.312       2.597
subj_type_person           2.0852      0.340      6.138      0.000       1.419       2.751
subj_type_risks           -0.9357     25.930     -0.036      0.971     -51.758      49.887
subj_type_we_I             0.7132      0.335      2.126      0.034       0.056       1.371
layer_pc_chair            -2.9542      0.212    -13.939      0.000      -3.370      -2.539
layer_speech_chair        -2.4013      0.217    -11.056      0.000      -2.827      -1.976
layer_statement           -3.2848      0.259    -12.685      0.000      -3.792      -2.777
cond                       0.9830      0.075     13.082      0.000       0.836       1.130
reported                  -0.7386      0.100     -7.398      0.000      -0.934      -0.543
------------------------------------------------------------------------------------------
                   y=3       coef    std err          z      P>|z|      [0.025      0.975]
------------------------------------------------------------------------------------------
const                     -4.5923      0.779     -5.898      0.000      -6.118      -3.066
period_late                0.0316      0.060      0.528      0.597      -0.086       0.149
subj_type_econ             1.7840      0.518      3.447      0.001       0.770       2.798
subj_type_fed              3.3835      0.566      5.977      0.000       2.274       4.493
subj_type_it_there_rel     1.8502      0.516      3.584      0.000       0.838       2.862
subj_type_none             4.7310      0.541      8.749      0.000       3.671       5.791
subj_type_other            2.1381      0.516      4.145      0.000       1.127       3.149
subj_type_person           3.4244      0.517      6.629      0.000       2.412       4.437
subj_type_risks            6.6649      3.286      2.028      0.043       0.224      13.105
subj_type_we_I             2.2446      0.514      4.369      0.000       1.238       3.251
layer_pc_chair             1.2013      0.593      2.025      0.043       0.038       2.364
layer_speech_chair         1.4984      0.595      2.517      0.012       0.332       2.665
layer_statement           -1.9012      0.779     -2.439      0.015      -3.429      -0.373
cond                       0.3149      0.069      4.580      0.000       0.180       0.450
reported                  -0.3353      0.075     -4.446      0.000      -0.483      -0.187
------------------------------------------------------------------------------------------
                   y=4       coef    std err          z      P>|z|      [0.025      0.975]
------------------------------------------------------------------------------------------
const                     -0.1902      0.346     -0.550      0.582      -0.868       0.487
period_late               -0.5113      0.082     -6.234      0.000      -0.672      -0.351
subj_type_econ             1.2697      0.295      4.302      0.000       0.691       1.848
subj_type_fed              1.5867      0.484      3.279      0.001       0.638       2.535
subj_type_it_there_rel     0.9916      0.300      3.303      0.001       0.403       1.580
subj_type_none             1.7534      0.447      3.921      0.000       0.877       2.630
subj_type_other            1.3798      0.297      4.652      0.000       0.799       1.961
subj_type_person           1.4508      0.312      4.649      0.000       0.839       2.063
subj_type_risks            5.1396      3.368      1.526      0.127      -1.462      11.741
subj_type_we_I             0.5358      0.301      1.778      0.075      -0.055       1.127
layer_pc_chair            -2.6216      0.213    -12.317      0.000      -3.039      -2.204
layer_speech_chair        -2.5474      0.221    -11.550      0.000      -2.980      -2.115
layer_statement           -3.3926      0.275    -12.337      0.000      -3.932      -2.854
cond                       0.0339      0.104      0.325      0.745      -0.170       0.238
reported                   0.0319      0.093      0.342      0.733      -0.151       0.215
------------------------------------------------------------------------------------------
                   y=5       coef    std err          z      P>|z|      [0.025      0.975]
------------------------------------------------------------------------------------------
const                     -2.7707      0.771     -3.592      0.000      -4.283      -1.259
period_late               -0.3741      0.080     -4.669      0.000      -0.531      -0.217
subj_type_econ             3.1103      0.736      4.226      0.000       1.668       4.553
subj_type_fed              1.8833      1.027      1.834      0.067      -0.129       3.896
subj_type_it_there_rel     3.6685      0.735      4.991      0.000       2.228       5.109
subj_type_none             3.3857      0.820      4.127      0.000       1.778       4.994
subj_type_other            3.4553      0.735      4.701      0.000       2.015       4.896
subj_type_person           3.2248      0.744      4.335      0.000       1.767       4.683
subj_type_risks            7.5201      3.358      2.239      0.025       0.939      14.101
subj_type_we_I             1.5319      0.743      2.062      0.039       0.076       2.988
layer_pc_chair            -2.0206      0.257     -7.860      0.000      -2.524      -1.517
layer_speech_chair        -1.2941      0.259     -4.989      0.000      -1.803      -0.786
layer_statement           -2.8078      0.321     -8.755      0.000      -3.436      -2.179
cond                       0.1060      0.095      1.112      0.266      -0.081       0.293
reported                  -0.6824      0.108     -6.339      0.000      -0.893      -0.471
==========================================================================================