                          MNLogit Regression Results                          
==============================================================================
Dep. Variable:                      y   No. Observations:                14847
Model:                        MNLogit   Df Residuals:                    14777
Method:                           MLE   Df Model:                           65
Date:                Fri, 04 Sep 2026   Pseudo R-squ.:                 0.08792
Time:                        14:52:32   Log-Likelihood:                -20608.
converged:                      False   LL-Null:                       -22595.
Covariance Type:            nonrobust   LLR p-value:                     0.000
==========================================================================================
                   y=1       coef    std err          z      P>|z|      [0.025      0.975]
------------------------------------------------------------------------------------------
const                      2.4906      0.232     10.754      0.000       2.037       2.945
period_late               -0.3733      0.047     -8.008      0.000      -0.465      -0.282
subj_type_econ             0.2518      0.193      1.307      0.191      -0.126       0.629
subj_type_fed              0.4679      0.401      1.166      0.244      -0.319       1.254
subj_type_it_there_rel     0.9330      0.189      4.940      0.000       0.563       1.303
subj_type_none             1.2632      0.289      4.373      0.000       0.697       1.829
subj_type_other            0.7136      0.191      3.735      0.000       0.339       1.088
subj_type_person           0.9619      0.198      4.870      0.000       0.575       1.349
subj_type_risks            5.2916      3.988      1.327      0.185      -2.525      13.109
subj_type_we_I             1.1770      0.187      6.309      0.000       0.811       1.543
layer_pc_chair            -3.6266      0.179    -20.302      0.000      -3.977      -3.276
layer_speech_chair        -4.0047      0.184    -21.744      0.000      -4.366      -3.644
cond                       0.5178      0.054      9.605      0.000       0.412       0.623
reported                   0.0242      0.056      0.435      0.663      -0.085       0.133
------------------------------------------------------------------------------------------
                   y=2       coef    std err          z      P>|z|      [0.025      0.975]
------------------------------------------------------------------------------------------
const                      0.0276      0.373      0.074      0.941      -0.704       0.760
period_late               -0.4316      0.076     -5.706      0.000      -0.580      -0.283
subj_type_econ             1.0885      0.338      3.223      0.001       0.427       1.750
subj_type_fed              0.5855      0.690      0.848      0.396      -0.767       1.938
subj_type_it_there_rel     1.8401      0.334      5.511      0.000       1.186       2.494
subj_type_none             2.0827      0.435      4.792      0.000       1.231       2.935
subj_type_other            1.5021      0.336      4.477      0.000       0.844       2.160
subj_type_person           1.5681      0.345      4.544      0.000       0.892       2.245
subj_type_risks           -1.5309     32.488     -0.047      0.962     -65.206      62.144
subj_type_we_I             0.1594      0.342      0.466      0.641      -0.511       0.830
layer_pc_chair            -2.9102      0.214    -13.614      0.000      -3.329      -2.491
layer_speech_chair        -2.4498      0.219    -11.186      0.000      -2.879      -2.021
cond                       0.7698      0.078      9.908      0.000       0.618       0.922
reported                  -0.6978      0.102     -6.847      0.000      -0.897      -0.498
------------------------------------------------------------------------------------------
                   y=3       coef    std err          z      P>|z|      [0.025      0.975]
------------------------------------------------------------------------------------------
const                     -4.5134      0.779     -5.797      0.000      -6.039      -2.987
period_late               -0.0029      0.060     -0.049      0.961      -0.121       0.115
subj_type_econ             1.7164      0.506      3.390      0.001       0.724       2.709
subj_type_fed              3.3992      0.561      6.061      0.000       2.300       4.499
subj_type_it_there_rel     1.7666      0.505      3.499      0.000       0.777       2.756
subj_type_none             4.6723      0.530      8.822      0.000       3.634       5.710
subj_type_other            2.1052      0.505      4.173      0.000       1.116       3.094
subj_type_person           3.3658      0.505      6.667      0.000       2.376       4.355
subj_type_risks            7.0221      4.019      1.747      0.081      -0.854      14.899
subj_type_we_I             2.1790      0.502      4.341      0.000       1.195       3.163
layer_pc_chair             1.2207      0.607      2.010      0.044       0.030       2.411
layer_speech_chair         1.4991      0.609      2.460      0.014       0.305       2.693
cond                       0.2349      0.069      3.428      0.001       0.101       0.369
reported                  -0.3135      0.076     -4.128      0.000      -0.462      -0.165
------------------------------------------------------------------------------------------
                   y=4       coef    std err          z      P>|z|      [0.025      0.975]
------------------------------------------------------------------------------------------
const                      0.0579      0.344      0.168      0.866      -0.617       0.732
period_late               -0.4880      0.084     -5.814      0.000      -0.652      -0.323
subj_type_econ             0.9039      0.309      2.922      0.003       0.298       1.510
subj_type_fed              1.4735      0.502      2.936      0.003       0.490       2.457
subj_type_it_there_rel     0.6937      0.313      2.219      0.027       0.081       1.307
subj_type_none             1.4822      0.455      3.259      0.001       0.591       2.374
subj_type_other            1.1801      0.309      3.824      0.000       0.575       1.785
subj_type_person           1.1703      0.321      3.642      0.000       0.541       1.800
subj_type_risks            5.3227      4.084      1.303      0.193      -2.682      13.328
subj_type_we_I             0.2626      0.312      0.841      0.400      -0.349       0.875
layer_pc_chair            -2.6170      0.215    -12.165      0.000      -3.039      -2.195
layer_speech_chair        -2.5355      0.223    -11.357      0.000      -2.973      -2.098
cond                      -0.0172      0.105     -0.164      0.870      -0.222       0.188
reported                   0.1458      0.095      1.541      0.123      -0.040       0.331
------------------------------------------------------------------------------------------
                   y=5       coef    std err          z      P>|z|      [0.025      0.975]
------------------------------------------------------------------------------------------
const                     -2.2120      0.744     -2.975      0.003      -3.669      -0.755
period_late               -0.4085      0.082     -5.000      0.000      -0.569      -0.248
subj_type_econ             2.5391      0.714      3.557      0.000       1.140       3.938
subj_type_fed              1.5170      1.018      1.491      0.136      -0.477       3.511
subj_type_it_there_rel     3.1602      0.712      4.438      0.000       1.765       4.556
subj_type_none             2.8769      0.800      3.596      0.000       1.309       4.445
subj_type_other            2.9988      0.712      4.210      0.000       1.603       4.395
subj_type_person           2.7226      0.720      3.780      0.000       1.311       4.134
subj_type_risks            7.4383      4.075      1.825      0.068      -0.548      15.425
subj_type_we_I             1.0309      0.719      1.433      0.152      -0.379       2.441
layer_pc_chair            -2.0510      0.259     -7.922      0.000      -2.559      -1.544
layer_speech_chair        -1.3379      0.262     -5.116      0.000      -1.851      -0.825
cond                       0.0462      0.096      0.482      0.630      -0.142       0.234
reported                  -0.6116      0.109     -5.606      0.000      -0.825      -0.398
==========================================================================================