                          MNLogit Regression Results                          
==============================================================================
Dep. Variable:                      y   No. Observations:                14659
Model:                        MNLogit   Df Residuals:                    14589
Method:                           MLE   Df Model:                           65
Date:                Fri, 04 Sep 2026   Pseudo R-squ.:                 0.07728
Time:                        14:01:11   Log-Likelihood:                -20311.
converged:                       True   LL-Null:                       -22012.
Covariance Type:            nonrobust   LLR p-value:                     0.000
==========================================================================================
                   y=1       coef    std err          z      P>|z|      [0.025      0.975]
------------------------------------------------------------------------------------------
const                     -0.4607      0.156     -2.958      0.003      -0.766      -0.155
period_late               -0.2790      0.047     -5.941      0.000      -0.371      -0.187
subj_type_econ            -0.5814      0.166     -3.505      0.000      -0.906      -0.256
subj_type_fed             -0.3804      0.379     -1.003      0.316      -1.124       0.363
subj_type_it_there_rel     0.2222      0.158      1.404      0.160      -0.088       0.532
subj_type_none             0.5114      0.271      1.890      0.059      -0.019       1.042
subj_type_other           -0.0508      0.162     -0.314      0.753      -0.368       0.266
subj_type_person           0.0658      0.173      0.380      0.704      -0.274       0.405
subj_type_risks            4.8282      3.972      1.216      0.224      -2.957      12.613
subj_type_we_I             0.4219      0.156      2.700      0.007       0.116       0.728
layer_speech_chair        -0.3527      0.062     -5.677      0.000      -0.474      -0.231
layer_statement           -1.9551      0.170    -11.524      0.000      -2.288      -1.623
cond                       0.7040      0.054     13.023      0.000       0.598       0.810
reported                  -0.0912      0.057     -1.594      0.111      -0.203       0.021
------------------------------------------------------------------------------------------
                   y=2       coef    std err          z      P>|z|      [0.025      0.975]
------------------------------------------------------------------------------------------
const                     -3.6639      0.374     -9.794      0.000      -4.397      -2.931
period_late               -0.3350      0.076     -4.407      0.000      -0.484      -0.186
subj_type_econ             1.7836      0.375      4.754      0.000       1.048       2.519
subj_type_fed              1.0418      0.707      1.474      0.140      -0.343       2.427
subj_type_it_there_rel     2.5114      0.371      6.765      0.000       1.784       3.239
subj_type_none             2.7764      0.466      5.960      0.000       1.863       3.689
subj_type_other            2.1007      0.374      5.623      0.000       1.368       2.833
subj_type_person           2.3783      0.384      6.189      0.000       1.625       3.132
subj_type_risks           -0.9417     34.486     -0.027      0.978     -68.534      66.650
subj_type_we_I             0.8464      0.380      2.227      0.026       0.102       1.591
layer_speech_chair         0.5274      0.086      6.146      0.000       0.359       0.696
layer_statement           -0.3225      0.167     -1.930      0.054      -0.650       0.005
cond                       0.8694      0.078     11.145      0.000       0.716       1.022
reported                  -0.5523      0.101     -5.476      0.000      -0.750      -0.355
------------------------------------------------------------------------------------------
                   y=3       coef    std err          z      P>|z|      [0.025      0.975]
------------------------------------------------------------------------------------------
const                     -3.3583      0.516     -6.510      0.000      -4.369      -2.347
period_late                0.0373      0.060      0.621      0.534      -0.080       0.155
subj_type_econ             1.7462      0.520      3.358      0.001       0.727       2.765
subj_type_fed              3.3521      0.568      5.898      0.000       2.238       4.466
subj_type_it_there_rel     1.8042      0.519      3.478      0.001       0.787       2.821
subj_type_none             4.6947      0.543      8.644      0.000       3.630       5.759
subj_type_other            2.1045      0.518      4.060      0.000       1.089       3.120
subj_type_person           3.3897      0.519      6.530      0.000       2.372       4.407
subj_type_risks            7.0416      4.013      1.755      0.079      -0.824      14.908
subj_type_we_I             2.2092      0.516      4.279      0.000       1.197       3.221
layer_speech_chair         0.2992      0.070      4.260      0.000       0.162       0.437
layer_statement           -3.1046      0.510     -6.083      0.000      -4.105      -2.104
cond                       0.3230      0.069      4.687      0.000       0.188       0.458
reported                  -0.3488      0.076     -4.614      0.000      -0.497      -0.201
------------------------------------------------------------------------------------------
                   y=4       coef    std err          z      P>|z|      [0.025      0.975]
------------------------------------------------------------------------------------------
const                     -4.1788      0.597     -6.995      0.000      -5.350      -3.008
period_late               -0.5641      0.086     -6.578      0.000      -0.732      -0.396
subj_type_econ             2.7127      0.597      4.547      0.000       1.543       3.882
subj_type_fed              2.9572      0.708      4.176      0.000       1.569       4.345
subj_type_it_there_rel     2.4186      0.599      4.038      0.000       1.245       3.593
subj_type_none             2.9727      0.699      4.252      0.000       1.602       4.343
subj_type_other            2.6232      0.598      4.384      0.000       1.450       3.796
subj_type_person           2.9667      0.606      4.895      0.000       1.779       4.155
subj_type_risks            7.0120      4.112      1.705      0.088      -1.048      15.072
subj_type_we_I             1.9272      0.600      3.215      0.001       0.752       3.102
layer_speech_chair         0.0893      0.100      0.895      0.371      -0.106       0.285
layer_statement           -0.6220      0.198     -3.143      0.002      -1.010      -0.234
cond                       0.0731      0.106      0.688      0.491      -0.135       0.281
reported                   0.0218      0.098      0.223      0.823      -0.170       0.214
------------------------------------------------------------------------------------------
                   y=5       coef    std err          z      P>|z|      [0.025      0.975]
------------------------------------------------------------------------------------------
const                     -4.7444      0.749     -6.335      0.000      -6.212      -3.277
period_late               -0.3719      0.081     -4.569      0.000      -0.531      -0.212
subj_type_econ             3.0036      0.749      4.008      0.000       1.535       4.473
subj_type_fed              1.7899      1.044      1.714      0.086      -0.256       3.836
subj_type_it_there_rel     3.6020      0.748      4.815      0.000       2.136       5.068
subj_type_none             3.3353      0.832      4.007      0.000       1.704       4.967
subj_type_other            3.4047      0.748      4.551      0.000       1.938       4.871
subj_type_person           3.2228      0.757      4.257      0.000       1.739       4.706
subj_type_risks            7.1212      4.142      1.719      0.086      -0.997      15.240
subj_type_we_I             1.4772      0.756      1.955      0.051      -0.004       2.958
layer_speech_chair         0.7340      0.088      8.315      0.000       0.561       0.907
layer_statement           -0.7814      0.211     -3.697      0.000      -1.196      -0.367
cond                       0.1076      0.096      1.115      0.265      -0.081       0.297
reported                  -0.5849      0.108     -5.403      0.000      -0.797      -0.373
==========================================================================================