                          MNLogit Regression Results                          
==============================================================================
Dep. Variable:                      y   No. Observations:                 3973
Model:                        MNLogit   Df Residuals:                     3908
Method:                           MLE   Df Model:                           60
Date:                Fri, 04 Sep 2026   Pseudo R-squ.:                  0.1088
Time:                        13:55:42   Log-Likelihood:                -5500.8
converged:                       True   LL-Null:                       -6172.3
Covariance Type:            nonrobust   LLR p-value:                2.703e-241
==========================================================================================
                   y=1       coef    std err          z      P>|z|      [0.025      0.975]
------------------------------------------------------------------------------------------
const                      0.0277      0.220      0.126      0.900      -0.404       0.460
period_late               -0.0605      0.110     -0.552      0.581      -0.275       0.154
subj_type_econ            -0.8733      0.237     -3.689      0.000      -1.337      -0.409
subj_type_fed             -0.8006      0.512     -1.564      0.118      -1.804       0.202
subj_type_it_there_rel    -0.5405      0.237     -2.276      0.023      -1.006      -0.075
subj_type_none            -0.6149      0.587     -1.047      0.295      -1.766       0.536
subj_type_other           -0.8910      0.231     -3.850      0.000      -1.345      -0.437
subj_type_person          -1.0050      0.310     -3.243      0.001      -1.612      -0.398
subj_type_risks            3.7885      7.724      0.490      0.624     -11.351      18.928
subj_type_we_I            -1.5572      0.244     -6.375      0.000      -2.036      -1.078
layer_statement           -2.4438      0.213    -11.492      0.000      -2.861      -2.027
cond                       1.2947      0.118     10.934      0.000       1.063       1.527
reported                  -0.1481      0.142     -1.042      0.297      -0.427       0.130
------------------------------------------------------------------------------------------
                   y=2       coef    std err          z      P>|z|      [0.025      0.975]
------------------------------------------------------------------------------------------
const                     -3.3790      0.481     -7.021      0.000      -4.322      -2.436
period_late               -0.0856      0.129     -0.663      0.507      -0.339       0.167
subj_type_econ             2.3138      0.485      4.770      0.000       1.363       3.265
subj_type_fed              1.2875      0.883      1.457      0.145      -0.444       3.019
subj_type_it_there_rel     2.7539      0.481      5.723      0.000       1.811       3.697
subj_type_none             2.6639      0.749      3.557      0.000       1.196       4.132
subj_type_other            2.1514      0.484      4.445      0.000       1.203       3.100
subj_type_person           2.4133      0.528      4.574      0.000       1.379       3.447
subj_type_risks           -1.0488     61.446     -0.017      0.986    -121.481     119.383
subj_type_we_I             0.5721      0.516      1.109      0.267      -0.439       1.583
layer_statement           -1.1215      0.182     -6.154      0.000      -1.479      -0.764
cond                       1.3585      0.134     10.134      0.000       1.096       1.621
reported                  -0.6900      0.180     -3.842      0.000      -1.042      -0.338
------------------------------------------------------------------------------------------
                   y=3       coef    std err          z      P>|z|      [0.025      0.975]
------------------------------------------------------------------------------------------
const                     -2.6474      0.734     -3.605      0.000      -4.087      -1.208
period_late               -0.1392      0.118     -1.175      0.240      -0.371       0.093
subj_type_econ             1.8750      0.742      2.527      0.011       0.421       3.329
subj_type_fed              3.0831      0.818      3.768      0.000       1.479       4.687
subj_type_it_there_rel     2.0114      0.745      2.700      0.007       0.552       3.471
subj_type_none             3.9163      0.838      4.676      0.000       2.275       5.558
subj_type_other            1.9089      0.739      2.585      0.010       0.461       3.356
subj_type_person           2.3727      0.758      3.130      0.002       0.887       3.858
subj_type_risks            7.3055      7.721      0.946      0.344      -7.828      22.439
subj_type_we_I             1.3776      0.742      1.858      0.063      -0.076       2.831
layer_statement           -3.7023      0.516     -7.168      0.000      -4.715      -2.690
cond                       0.6826      0.140      4.867      0.000       0.408       0.958
reported                  -0.9892      0.194     -5.092      0.000      -1.370      -0.608
------------------------------------------------------------------------------------------
                   y=4       coef    std err          z      P>|z|      [0.025      0.975]
------------------------------------------------------------------------------------------
const                     -3.9099      0.738     -5.297      0.000      -5.357      -2.463
period_late               -0.9360      0.191     -4.897      0.000      -1.311      -0.561
subj_type_econ             3.0136      0.737      4.089      0.000       1.569       4.458
subj_type_fed              2.8936      0.918      3.152      0.002       1.095       4.693
subj_type_it_there_rel     2.1803      0.759      2.874      0.004       0.693       3.667
subj_type_none             3.0814      1.001      3.077      0.002       1.118       5.044
subj_type_other            2.2260      0.745      2.988      0.003       0.766       3.686
subj_type_person           2.8174      0.783      3.597      0.000       1.282       4.353
subj_type_risks            7.9674      7.752      1.028      0.304      -7.227      23.162
subj_type_we_I             1.9747      0.753      2.624      0.009       0.499       3.450
layer_statement           -0.8003      0.215     -3.719      0.000      -1.222      -0.379
cond                       0.2095      0.205      1.021      0.307      -0.193       0.612
reported                  -0.1896      0.188     -1.010      0.312      -0.558       0.178
------------------------------------------------------------------------------------------
                   y=5       coef    std err          z      P>|z|      [0.025      0.975]
------------------------------------------------------------------------------------------
const                     -3.3968      0.725     -4.688      0.000      -4.817      -1.977
period_late               -0.5494      0.140     -3.926      0.000      -0.824      -0.275
subj_type_econ             2.7621      0.728      3.793      0.000       1.335       4.189
subj_type_fed              1.0651      1.253      0.850      0.395      -1.391       3.521
subj_type_it_there_rel     3.0191      0.730      4.136      0.000       1.588       4.450
subj_type_none             2.5613      0.992      2.581      0.010       0.617       4.506
subj_type_other            2.8916      0.726      3.984      0.000       1.469       4.314
subj_type_person           2.7525      0.757      3.636      0.000       1.269       4.236
subj_type_risks            7.3801      7.754      0.952      0.341      -7.817      22.578
subj_type_we_I             0.3029      0.769      0.394      0.694      -1.205       1.811
layer_statement           -1.6426      0.217     -7.575      0.000      -2.068      -1.218
cond                       0.4315      0.157      2.757      0.006       0.125       0.738
reported                  -0.9329      0.191     -4.878      0.000      -1.308      -0.558
==========================================================================================