                          MNLogit Regression Results                          
==============================================================================
Dep. Variable:                      y   No. Observations:                10686
Model:                        MNLogit   Df Residuals:                    10626
Method:                           MLE   Df Model:                           55
Date:                Fri, 04 Sep 2026   Pseudo R-squ.:                 0.06317
Time:                        14:52:20   Log-Likelihood:                -14616.
converged:                      False   LL-Null:                       -15601.
Covariance Type:            nonrobust   LLR p-value:                     0.000
==========================================================================================
                   y=1       coef    std err          z      P>|z|      [0.025      0.975]
------------------------------------------------------------------------------------------
const                     -1.6030      0.292     -5.482      0.000      -2.176      -1.030
period_late               -0.3433      0.053     -6.526      0.000      -0.446      -0.240
subj_type_econ             0.2466      0.307      0.803      0.422      -0.355       0.848
subj_type_fed              0.3468      0.617      0.562      0.574      -0.863       1.557
subj_type_it_there_rel     1.4114      0.297      4.758      0.000       0.830       1.993
subj_type_none             1.7414      0.381      4.566      0.000       0.994       2.489
subj_type_other            1.0889      0.302      3.602      0.000       0.496       1.681
subj_type_person           1.3096      0.305      4.288      0.000       0.711       1.908
subj_type_risks            7.0431      7.800      0.903      0.367      -8.245      22.331
subj_type_we_I             1.7433      0.294      5.921      0.000       1.166       2.320
cond                       0.5302      0.061      8.667      0.000       0.410       0.650
reported                  -0.0718      0.063     -1.136      0.256      -0.196       0.052
------------------------------------------------------------------------------------------
                   y=2       coef    std err          z      P>|z|      [0.025      0.975]
------------------------------------------------------------------------------------------
const                     -3.0270      0.577     -5.248      0.000      -4.157      -1.896
period_late               -0.4847      0.092     -5.280      0.000      -0.665      -0.305
subj_type_econ             0.9895      0.592      1.671      0.095      -0.171       2.150
subj_type_fed              0.5724      1.144      0.500      0.617      -1.670       2.815
subj_type_it_there_rel     1.9890      0.581      3.423      0.001       0.850       3.128
subj_type_none             2.3133      0.664      3.486      0.000       1.013       3.614
subj_type_other            1.7395      0.587      2.964      0.003       0.589       2.890
subj_type_person           1.9013      0.591      3.219      0.001       0.744       3.059
subj_type_risks           -0.6235     61.649     -0.010      0.992    -121.453     120.206
subj_type_we_I             0.4119      0.586      0.703      0.482      -0.737       1.561
cond                       0.6469      0.099      6.520      0.000       0.452       0.841
reported                  -0.5241      0.123     -4.267      0.000      -0.765      -0.283
------------------------------------------------------------------------------------------
                   y=3       coef    std err          z      P>|z|      [0.025      0.975]
------------------------------------------------------------------------------------------
const                     -3.5836      0.709     -5.053      0.000      -4.974      -2.193
period_late                0.0735      0.071      1.031      0.303      -0.066       0.213
subj_type_econ             1.6738      0.718      2.332      0.020       0.267       3.081
subj_type_fed              3.5384      0.784      4.511      0.000       2.001       5.076
subj_type_it_there_rel     1.8632      0.714      2.611      0.009       0.464       3.262
subj_type_none             4.9718      0.735      6.767      0.000       3.532       6.412
subj_type_other            2.1652      0.716      3.024      0.002       0.762       3.569
subj_type_person           3.6897      0.713      5.173      0.000       2.292       5.088
subj_type_risks            7.7842      7.862      0.990      0.322      -7.625      23.194
subj_type_we_I             2.4910      0.711      3.505      0.000       1.098       3.884
cond                       0.2008      0.080      2.518      0.012       0.044       0.357
reported                  -0.2169      0.083     -2.606      0.009      -0.380      -0.054
------------------------------------------------------------------------------------------
                   y=4       coef    std err          z      P>|z|      [0.025      0.975]
------------------------------------------------------------------------------------------
const                     -3.9806      0.918     -4.336      0.000      -5.780      -2.181
period_late               -0.4581      0.100     -4.567      0.000      -0.655      -0.262
subj_type_econ             2.1853      0.926      2.361      0.018       0.371       4.000
subj_type_fed              2.7665      1.073      2.578      0.010       0.664       4.869
subj_type_it_there_rel     2.1915      0.923      2.374      0.018       0.382       4.001
subj_type_none             2.5590      1.020      2.508      0.012       0.559       4.559
subj_type_other            2.6060      0.925      2.818      0.005       0.793       4.419
subj_type_person           2.6758      0.928      2.882      0.004       0.856       4.495
subj_type_risks           -0.5488     88.515     -0.006      0.995    -174.035     172.937
subj_type_we_I             1.5887      0.923      1.721      0.085      -0.220       3.398
cond                       0.0641      0.125      0.514      0.607      -0.180       0.309
reported                   0.0715      0.115      0.621      0.535      -0.154       0.297
------------------------------------------------------------------------------------------
                   y=5       coef    std err          z      P>|z|      [0.025      0.975]
------------------------------------------------------------------------------------------
const                     -6.7904      3.769     -1.801      0.072     -14.178       0.597
period_late               -0.2635      0.105     -2.514      0.012      -0.469      -0.058
subj_type_econ             4.7748      3.772      1.266      0.206      -2.618      12.167
subj_type_fed              4.2069      3.901      1.079      0.281      -3.438      11.852
subj_type_it_there_rel     5.5996      3.770      1.485      0.137      -1.790      12.989
subj_type_none             5.2834      3.796      1.392      0.164      -2.156      12.723
subj_type_other            5.3004      3.771      1.405      0.160      -2.091      12.692
subj_type_person           5.0465      3.773      1.338      0.181      -2.348      12.441
subj_type_risks           -0.4475    337.275     -0.001      0.999    -661.494     660.599
subj_type_we_I             3.5852      3.772      0.951      0.342      -3.807      10.978
cond                       0.0283      0.127      0.223      0.823      -0.220       0.276
reported                  -0.4246      0.132     -3.215      0.001      -0.683      -0.166
==========================================================================================