                          MNLogit Regression Results                          
==============================================================================
Dep. Variable:                      y   No. Observations:                13889
Model:                        MNLogit   Df Residuals:                    13824
Method:                           MLE   Df Model:                           60
Date:                Fri, 04 Sep 2026   Pseudo R-squ.:                 0.06165
Time:                        14:52:08   Log-Likelihood:                -19787.
converged:                      False   LL-Null:                       -21087.
Covariance Type:            nonrobust   LLR p-value:                     0.000
==========================================================================================
                   y=1       coef    std err          z      P>|z|      [0.025      0.975]
------------------------------------------------------------------------------------------
const                     -1.0876      0.209     -5.194      0.000      -1.498      -0.677
period_late               -0.3567      0.048     -7.484      0.000      -0.450      -0.263
subj_type_econ             0.1395      0.219      0.636      0.525      -0.291       0.570
subj_type_fed              0.4334      0.412      1.051      0.293      -0.375       1.242
subj_type_it_there_rel     0.9202      0.213      4.316      0.000       0.502       1.338
subj_type_none             1.2204      0.305      4.001      0.000       0.623       1.818
subj_type_other            0.6974      0.216      3.229      0.001       0.274       1.121
subj_type_person           0.7783      0.223      3.483      0.000       0.340       1.216
subj_type_risks            6.4348      6.280      1.025      0.306      -5.874      18.744
subj_type_we_I             1.1201      0.211      5.317      0.000       0.707       1.533
layer_speech_chair        -0.3821      0.062     -6.142      0.000      -0.504      -0.260
cond                       0.5683      0.054     10.428      0.000       0.461       0.675
reported                  -0.0562      0.058     -0.972      0.331      -0.170       0.057
------------------------------------------------------------------------------------------
                   y=2       coef    std err          z      P>|z|      [0.025      0.975]
------------------------------------------------------------------------------------------
const                     -2.7316      0.376     -7.274      0.000      -3.468      -1.996
period_late               -0.4799      0.078     -6.143      0.000      -0.633      -0.327
subj_type_econ             1.0678      0.382      2.797      0.005       0.320       1.816
subj_type_fed              0.4851      0.712      0.681      0.496      -0.911       1.881
subj_type_it_there_rel     1.6474      0.378      4.360      0.000       0.907       2.388
subj_type_none             2.0121      0.468      4.296      0.000       1.094       2.930
subj_type_other            1.4216      0.379      3.749      0.000       0.678       2.165
subj_type_person           1.6218      0.388      4.181      0.000       0.861       2.382
subj_type_risks           -1.6202     51.676     -0.031      0.975    -102.903      99.662
subj_type_we_I             0.0628      0.384      0.164      0.870      -0.689       0.815
layer_speech_chair         0.4258      0.086      4.958      0.000       0.257       0.594
cond                       0.6285      0.081      7.725      0.000       0.469       0.788
reported                  -0.4893      0.103     -4.765      0.000      -0.691      -0.288
------------------------------------------------------------------------------------------
                   y=3       coef    std err          z      P>|z|      [0.025      0.975]
------------------------------------------------------------------------------------------
const                     -3.3859      0.524     -6.457      0.000      -4.414      -2.358
period_late               -0.0005      0.060     -0.008      0.994      -0.119       0.118
subj_type_econ             1.8124      0.529      3.424      0.001       0.775       2.850
subj_type_fed              3.5033      0.582      6.023      0.000       2.363       4.643
subj_type_it_there_rel     1.8507      0.528      3.506      0.000       0.816       2.885
subj_type_none             4.7616      0.552      8.634      0.000       3.681       5.843
subj_type_other            2.2005      0.528      4.171      0.000       1.167       3.234
subj_type_person           3.4583      0.528      6.551      0.000       2.424       4.493
subj_type_risks            8.0214      6.306      1.272      0.203      -4.338      20.380
subj_type_we_I             2.2725      0.525      4.328      0.000       1.243       3.302
layer_speech_chair         0.2791      0.070      3.971      0.000       0.141       0.417
cond                       0.2421      0.069      3.526      0.000       0.108       0.377
reported                  -0.3263      0.076     -4.285      0.000      -0.476      -0.177
------------------------------------------------------------------------------------------
                   y=4       coef    std err          z      P>|z|      [0.025      0.975]
------------------------------------------------------------------------------------------
const                     -3.4394      0.578     -5.953      0.000      -4.572      -2.307
period_late               -0.5348      0.088     -6.084      0.000      -0.707      -0.363
subj_type_econ             1.8529      0.582      3.182      0.001       0.712       2.994
subj_type_fed              2.3507      0.703      3.344      0.001       0.973       3.728
subj_type_it_there_rel     1.6306      0.583      2.798      0.005       0.488       2.773
subj_type_none             2.2006      0.684      3.216      0.001       0.859       3.542
subj_type_other            1.9334      0.582      3.322      0.001       0.793       3.074
subj_type_person           2.1877      0.588      3.718      0.000       1.034       3.341
subj_type_risks            7.1715      6.367      1.126      0.260      -5.307      19.650
subj_type_we_I             1.1589      0.582      1.992      0.046       0.019       2.299
layer_speech_chair         0.1026      0.100      1.023      0.306      -0.094       0.299
cond                       0.0282      0.107      0.264      0.792      -0.181       0.237
reported                   0.1614      0.099      1.636      0.102      -0.032       0.355
------------------------------------------------------------------------------------------
                   y=5       coef    std err          z      P>|z|      [0.025      0.975]
------------------------------------------------------------------------------------------
const                     -4.1315      0.725     -5.699      0.000      -5.552      -2.711
period_late               -0.4045      0.083     -4.865      0.000      -0.567      -0.242
subj_type_econ             2.3404      0.728      3.213      0.001       0.913       3.768
subj_type_fed              1.3481      1.033      1.305      0.192      -0.677       3.373
subj_type_it_there_rel     3.0074      0.726      4.142      0.000       1.584       4.430
subj_type_none             2.7422      0.812      3.377      0.001       1.151       4.334
subj_type_other            2.8610      0.726      3.940      0.000       1.438       4.284
subj_type_person           2.6342      0.734      3.587      0.000       1.195       4.073
subj_type_risks            7.4867      6.382      1.173      0.241      -5.022      19.995
subj_type_we_I             0.8874      0.733      1.211      0.226      -0.549       2.324
layer_speech_chair         0.7224      0.089      8.140      0.000       0.548       0.896
cond                       0.0492      0.097      0.507      0.612      -0.141       0.239
reported                  -0.5080      0.110     -4.632      0.000      -0.723      -0.293
==========================================================================================