                          MNLogit Regression Results                          
==============================================================================
Dep. Variable:                      y   No. Observations:                11456
Model:                        MNLogit   Df Residuals:                    11391
Method:                           MLE   Df Model:                           60
Date:                Fri, 04 Sep 2026   Pseudo R-squ.:                 0.08442
Time:                        14:01:39   Log-Likelihood:                -15130.
converged:                      False   LL-Null:                       -16525.
Covariance Type:            nonrobust   LLR p-value:                     0.000
==========================================================================================
                   y=1       coef    std err          z      P>|z|      [0.025      0.975]
------------------------------------------------------------------------------------------
const                     -0.5498      0.180     -3.055      0.002      -0.903      -0.197
period_late               -0.2485      0.052     -4.814      0.000      -0.350      -0.147
subj_type_econ            -0.9193      0.198     -4.653      0.000      -1.307      -0.532
subj_type_fed             -0.9799      0.566     -1.731      0.083      -2.089       0.130
subj_type_it_there_rel     0.2635      0.183      1.442      0.149      -0.095       0.622
subj_type_none             0.6074      0.303      2.004      0.045       0.013       1.202
subj_type_other           -0.1388      0.190     -0.729      0.466      -0.512       0.234
subj_type_person           0.1487      0.199      0.749      0.454      -0.241       0.538
subj_type_risks            7.3881     15.674      0.471      0.637     -23.332      38.108
subj_type_we_I             0.6022      0.181      3.323      0.001       0.247       0.957
layer_statement           -1.8197      0.179    -10.165      0.000      -2.171      -1.469
cond                       0.7024      0.061     11.593      0.000       0.584       0.821
reported                  -0.1102      0.062     -1.764      0.078      -0.233       0.012
------------------------------------------------------------------------------------------
                   y=2       coef    std err          z      P>|z|      [0.025      0.975]
------------------------------------------------------------------------------------------
const                     -4.6408      0.599     -7.744      0.000      -5.815      -3.466
period_late               -0.2922      0.090     -3.253      0.001      -0.468      -0.116
subj_type_econ             2.3214      0.605      3.839      0.000       1.136       3.507
subj_type_fed              1.5234      1.180      1.291      0.197      -0.789       3.835
subj_type_it_there_rel     3.4899      0.596      5.853      0.000       2.321       4.659
subj_type_none             3.7201      0.680      5.467      0.000       2.386       5.054
subj_type_other            2.9720      0.601      4.948      0.000       1.795       4.149
subj_type_person           3.2780      0.608      5.389      0.000       2.086       4.470
subj_type_risks           -0.2677    217.877     -0.001      0.999    -427.300     426.764
subj_type_we_I             1.8412      0.604      3.047      0.002       0.657       3.026
layer_statement           -0.1362      0.170     -0.803      0.422      -0.469       0.196
cond                       0.9723      0.093     10.427      0.000       0.790       1.155
reported                  -0.5978      0.120     -4.985      0.000      -0.833      -0.363
------------------------------------------------------------------------------------------
                   y=3       coef    std err          z      P>|z|      [0.025      0.975]
------------------------------------------------------------------------------------------
const                     -3.6482      0.720     -5.067      0.000      -5.059      -2.237
period_late                0.1215      0.071      1.719      0.086      -0.017       0.260
subj_type_econ             1.6944      0.727      2.331      0.020       0.270       3.119
subj_type_fed              3.4562      0.783      4.414      0.000       1.921       4.991
subj_type_it_there_rel     1.8976      0.723      2.624      0.009       0.480       3.315
subj_type_none             4.9988      0.745      6.712      0.000       3.539       6.458
subj_type_other            2.1316      0.725      2.940      0.003       0.711       3.553
subj_type_person           3.7013      0.723      5.118      0.000       2.284       5.119
subj_type_risks            9.0585     15.713      0.577      0.564     -21.738      39.855
subj_type_we_I             2.5111      0.721      3.484      0.000       1.099       3.924
layer_statement           -2.8848      0.514     -5.617      0.000      -3.891      -1.878
cond                       0.3038      0.080      3.794      0.000       0.147       0.461
reported                  -0.2401      0.083     -2.907      0.004      -0.402      -0.078
------------------------------------------------------------------------------------------
                   y=4       coef    std err          z      P>|z|      [0.025      0.975]
------------------------------------------------------------------------------------------
const                     -5.2668      1.056     -4.986      0.000      -7.337      -3.197
period_late               -0.4966      0.097     -5.144      0.000      -0.686      -0.307
subj_type_econ             3.6817      1.056      3.486      0.000       1.612       5.752
subj_type_fed              3.8138      1.178      3.239      0.001       1.506       6.122
subj_type_it_there_rel     3.5334      1.057      3.342      0.001       1.461       5.605
subj_type_none             3.8985      1.144      3.408      0.001       1.656       6.141
subj_type_other            3.7867      1.058      3.580      0.000       1.714       5.860
subj_type_person           4.0167      1.063      3.779      0.000       1.934       6.100
subj_type_risks           -0.3007    308.999     -0.001      0.999    -605.928     605.326
subj_type_we_I             2.9139      1.058      2.753      0.006       0.840       4.988
layer_statement           -0.5248      0.198     -2.648      0.008      -0.913      -0.136
cond                       0.1089      0.124      0.877      0.381      -0.135       0.352
reported                  -0.1033      0.114     -0.907      0.364      -0.326       0.120
------------------------------------------------------------------------------------------
                   y=5       coef    std err          z      P>|z|      [0.025      0.975]
------------------------------------------------------------------------------------------
const                     -7.9886      4.024     -1.985      0.047     -15.875      -0.102
period_late               -0.2244      0.101     -2.212      0.027      -0.423      -0.026
subj_type_econ             6.1042      4.024      1.517      0.129      -1.783      13.991
subj_type_fed              5.0096      4.150      1.207      0.227      -3.124      13.143
subj_type_it_there_rel     6.7692      4.023      1.682      0.092      -1.117      14.655
subj_type_none             6.4821      4.048      1.601      0.109      -1.451      14.415
subj_type_other            6.3857      4.024      1.587      0.113      -1.501      14.273
subj_type_person           6.2244      4.026      1.546      0.122      -1.667      14.116
subj_type_risks           -0.2642   1123.698     -0.000      1.000   -2202.672    2202.143
subj_type_we_I             4.7607      4.025      1.183      0.237      -3.129      12.650
layer_statement           -0.6292      0.212     -2.965      0.003      -1.045      -0.213
cond                       0.0780      0.125      0.622      0.534      -0.168       0.324
reported                  -0.5378      0.130     -4.145      0.000      -0.792      -0.283
==========================================================================================