                          MNLogit Regression Results                          
==============================================================================
Dep. Variable:                      y   No. Observations:                 6359
Model:                        MNLogit   Df Residuals:                     6279
Method:                           MLE   Df Model:                           75
Date:                Fri, 04 Sep 2026   Pseudo R-squ.:                  0.2311
Time:                        14:33:35   Log-Likelihood:                -6330.7
converged:                      False   LL-Null:                       -8233.7
Covariance Type:            nonrobust   LLR p-value:                     0.000
==========================================================================================
                   y=1       coef    std err          z      P>|z|      [0.025      0.975]
------------------------------------------------------------------------------------------
const                      1.9482      0.260      7.496      0.000       1.439       2.458
period_late                0.6057      0.138      4.378      0.000       0.335       0.877
subj_type_econ             0.9067      0.217      4.186      0.000       0.482       1.331
subj_type_fed             -1.2191      0.495     -2.465      0.014      -2.189      -0.250
subj_type_it_there_rel     0.8371      0.228      3.677      0.000       0.391       1.283
subj_type_none             0.1573      1.023      0.154      0.878      -1.848       2.163
subj_type_other            0.2295      0.208      1.104      0.270      -0.178       0.637
subj_type_person           0.7212      0.378      1.910      0.056      -0.019       1.461
subj_type_risks            2.4141      5.679      0.425      0.671      -8.717      13.545
layer_min_participants     0.9152      0.254      3.598      0.000       0.417       1.414
layer_min_special         -0.8808      0.236     -3.725      0.000      -1.344      -0.417
layer_min_staff            0.1259      0.319      0.395      0.693      -0.499       0.750
layer_min_staff_desk      -0.7092      0.255     -2.778      0.005      -1.210      -0.209
layer_statement           -5.5846      0.253    -22.069      0.000      -6.081      -5.089
cond                       1.7403      0.215      8.112      0.000       1.320       2.161
reported                   0.0981      0.145      0.678      0.498      -0.186       0.382
------------------------------------------------------------------------------------------
                   y=2       coef    std err          z      P>|z|      [0.025      0.975]
------------------------------------------------------------------------------------------
const                     -0.4764      0.307     -1.553      0.121      -1.078       0.125
period_late                0.7697      0.144      5.342      0.000       0.487       1.052
subj_type_econ             1.4926      0.249      5.993      0.000       1.004       1.981
subj_type_fed             -0.6285      0.563     -1.117      0.264      -1.732       0.475
subj_type_it_there_rel     1.6961      0.253      6.696      0.000       1.200       2.193
subj_type_none            -0.0269      1.077     -0.025      0.980      -2.138       2.084
subj_type_other            0.9604      0.240      3.996      0.000       0.489       1.432
subj_type_person           0.2236      0.433      0.516      0.606      -0.625       1.072
subj_type_risks            3.9411      5.681      0.694      0.488      -7.193      15.075
layer_min_participants     2.3503      0.278      8.452      0.000       1.805       2.895
layer_min_special          0.8431      0.263      3.200      0.001       0.327       1.359
layer_min_staff            0.9707      0.346      2.808      0.005       0.293       1.648
layer_min_staff_desk       0.3259      0.287      1.135      0.257      -0.237       0.889
layer_statement           -4.0260      0.289    -13.929      0.000      -4.592      -3.460
cond                       2.4294      0.216     11.230      0.000       2.005       2.853
reported                  -0.6727      0.151     -4.453      0.000      -0.969      -0.377
------------------------------------------------------------------------------------------
                   y=3       coef    std err          z      P>|z|      [0.025      0.975]
------------------------------------------------------------------------------------------
const                     -8.7388      6.554     -1.333      0.182     -21.584       4.107
period_late                0.5050      0.341      1.481      0.139      -0.163       1.173
subj_type_econ             6.1575      6.529      0.943      0.346      -6.639      18.954
subj_type_fed             -2.9478     50.887     -0.058      0.954    -102.685      96.790
subj_type_it_there_rel     6.5591      6.527      1.005      0.315      -6.234      19.353
subj_type_none             7.7063      6.626      1.163      0.245      -5.279      20.692
subj_type_other            5.2493      6.529      0.804      0.421      -7.548      18.047
subj_type_person          -3.2517     57.789     -0.056      0.955    -116.517     110.013
subj_type_risks           -0.8514    257.831     -0.003      0.997    -506.191     504.488
layer_min_participants     0.9334      0.736      1.268      0.205      -0.509       2.376
layer_min_special          1.6935      0.675      2.507      0.012       0.370       3.017
layer_min_staff            0.4173      0.978      0.427      0.670      -1.500       2.335
layer_min_staff_desk       0.6280      0.787      0.798      0.425      -0.914       2.170
layer_statement           -2.4966      0.819     -3.049      0.002      -4.101      -0.892
cond                       1.8187      0.420      4.333      0.000       0.996       2.641
reported                   0.3500      0.358      0.978      0.328      -0.351       1.051
------------------------------------------------------------------------------------------
                   y=4       coef    std err          z      P>|z|      [0.025      0.975]
------------------------------------------------------------------------------------------
const                      0.5774      0.306      1.886      0.059      -0.023       1.177
period_late                0.1401      0.168      0.835      0.404      -0.189       0.469
subj_type_econ             0.0217      0.252      0.086      0.931      -0.472       0.516
subj_type_fed             -0.6861      0.582     -1.179      0.238      -1.827       0.454
subj_type_it_there_rel    -0.8653      0.312     -2.770      0.006      -1.477      -0.253
subj_type_none             0.9565      1.062      0.901      0.368      -1.125       3.038
subj_type_other           -0.2166      0.243     -0.892      0.373      -0.693       0.260
subj_type_person          -0.4936      0.457     -1.081      0.280      -1.389       0.402
subj_type_risks            3.4390      5.687      0.605      0.545      -7.707      14.585
layer_min_participants     0.7292      0.286      2.549      0.011       0.169       1.290
layer_min_special         -0.6037      0.286     -2.114      0.035      -1.163      -0.044
layer_min_staff           -1.8976      0.557     -3.406      0.001      -2.990      -0.806
layer_min_staff_desk      -0.9873      0.331     -2.979      0.003      -1.637      -0.338
layer_statement           -3.6910      0.300    -12.305      0.000      -4.279      -3.103
cond                       1.2273      0.253      4.856      0.000       0.732       1.723
reported                   0.4237      0.183      2.317      0.021       0.065       0.782
------------------------------------------------------------------------------------------
                   y=5       coef    std err          z      P>|z|      [0.025      0.975]
------------------------------------------------------------------------------------------
const                     -2.8441      0.658     -4.320      0.000      -4.134      -1.554
period_late                0.5507      0.171      3.224      0.001       0.216       0.886
subj_type_econ             3.5094      0.617      5.689      0.000       2.300       4.718
subj_type_fed             -4.3255     11.147     -0.388      0.698     -26.173      17.522
subj_type_it_there_rel     2.7610      0.628      4.397      0.000       1.530       3.992
subj_type_none             2.2864      1.354      1.689      0.091      -0.367       4.940
subj_type_other            2.7280      0.617      4.424      0.000       1.519       3.937
subj_type_person           1.0826      0.900      1.203      0.229      -0.682       2.847
subj_type_risks            6.5489      5.720      1.145      0.252      -4.663      17.761
layer_min_participants     1.4927      0.320      4.663      0.000       0.865       2.120
layer_min_special         -0.5353      0.349     -1.535      0.125      -1.219       0.148
layer_min_staff            0.8599      0.388      2.218      0.027       0.100       1.620
layer_min_staff_desk       0.1144      0.347      0.330      0.741      -0.565       0.794
layer_statement           -3.1517      0.339     -9.292      0.000      -3.816      -2.487
cond                       1.7675      0.248      7.126      0.000       1.281       2.254
reported                  -0.5351      0.179     -2.991      0.003      -0.886      -0.184
==========================================================================================