                          MNLogit Regression Results                          
==============================================================================
Dep. Variable:                      y   No. Observations:                 5589
Model:                        MNLogit   Df Residuals:                     5514
Method:                           MLE   Df Model:                           70
Date:                Fri, 04 Sep 2026   Pseudo R-squ.:                 0.08586
Time:                        13:50:20   Log-Likelihood:                -5806.9
converged:                       True   LL-Null:                       -6352.3
Covariance Type:            nonrobust   LLR p-value:                5.535e-183
==========================================================================================
                   y=1       coef    std err          z      P>|z|      [0.025      0.975]
------------------------------------------------------------------------------------------
const                      1.7621      0.332      5.305      0.000       1.111       2.413
period_late                0.4644      0.171      2.717      0.007       0.129       0.799
subj_type_econ             0.8216      0.318      2.582      0.010       0.198       1.445
subj_type_fed             -1.0321      0.549     -1.879      0.060      -2.109       0.045
subj_type_it_there_rel     0.6400      0.329      1.945      0.052      -0.005       1.285
subj_type_none             0.8157      1.058      0.771      0.441      -1.258       2.890
subj_type_other            0.5039      0.300      1.677      0.093      -0.085       1.093
subj_type_person           0.9264      0.425      2.180      0.029       0.093       1.759
subj_type_risks            3.4239      8.733      0.392      0.695     -13.692      20.540
layer_min_participants     0.9587      0.255      3.753      0.000       0.458       1.459
layer_min_special         -0.7859      0.237     -3.310      0.001      -1.251      -0.321
layer_min_staff            0.2696      0.322      0.836      0.403      -0.362       0.901
layer_min_staff_desk      -0.5774      0.257     -2.246      0.025      -1.081      -0.074
cond                      -0.0200      0.206     -0.097      0.923      -0.425       0.385
reported                   0.5606      0.168      3.329      0.001       0.231       0.891
------------------------------------------------------------------------------------------
                   y=2       coef    std err          z      P>|z|      [0.025      0.975]
------------------------------------------------------------------------------------------
const                     -0.1426      0.368     -0.387      0.698      -0.864       0.579
period_late                0.6238      0.176      3.552      0.000       0.280       0.968
subj_type_econ             0.9127      0.342      2.670      0.008       0.243       1.583
subj_type_fed             -0.9219      0.608     -1.517      0.129      -2.113       0.269
subj_type_it_there_rel     0.9136      0.352      2.599      0.009       0.225       1.603
subj_type_none             0.1418      1.101      0.129      0.898      -2.017       2.300
subj_type_other            0.7497      0.324      2.313      0.021       0.114       1.385
subj_type_person          -0.0647      0.473     -0.137      0.891      -0.992       0.863
subj_type_risks            4.4731      8.733      0.512      0.608     -12.642      21.589
layer_min_participants     2.3996      0.277      8.656      0.000       1.856       2.943
layer_min_special          0.9279      0.261      3.549      0.000       0.415       1.440
layer_min_staff            1.1117      0.347      3.208      0.001       0.432       1.791
layer_min_staff_desk       0.4577      0.286      1.602      0.109      -0.102       1.018
cond                       0.6694      0.209      3.198      0.001       0.259       1.080
reported                  -0.2416      0.174     -1.391      0.164      -0.582       0.099
------------------------------------------------------------------------------------------
                   y=3       coef    std err          z      P>|z|      [0.025      0.975]
------------------------------------------------------------------------------------------
const                     -9.3260     11.008     -0.847      0.397     -30.902      12.250
period_late                0.4376      0.373      1.173      0.241      -0.294       1.169
subj_type_econ             6.5967     10.995      0.600      0.549     -14.953      28.146
subj_type_fed             -3.8095    105.549     -0.036      0.971    -210.681     203.062
subj_type_it_there_rel     6.7622     10.995      0.615      0.539     -14.788      28.313
subj_type_none             8.6589     11.052      0.783      0.433     -13.003      30.321
subj_type_other            5.7875     10.995      0.526      0.599     -15.762      27.337
subj_type_person          -4.3790    135.099     -0.032      0.974    -269.169     260.411
subj_type_risks           -1.0103    571.363     -0.002      0.999   -1120.861    1118.841
layer_min_participants     0.9223      0.728      1.268      0.205      -0.504       2.348
layer_min_special          1.7371      0.666      2.609      0.009       0.432       3.042
layer_min_staff            0.4563      0.982      0.465      0.642      -1.469       2.381
layer_min_staff_desk       0.7087      0.779      0.910      0.363      -0.818       2.235
cond                       0.3560      0.423      0.841      0.400      -0.473       1.186
reported                   0.7155      0.385      1.859      0.063      -0.039       1.470
------------------------------------------------------------------------------------------
                   y=4       coef    std err          z      P>|z|      [0.025      0.975]
------------------------------------------------------------------------------------------
const                      0.6983      0.377      1.853      0.064      -0.040       1.437
period_late                0.2344      0.203      1.155      0.248      -0.163       0.632
subj_type_econ            -0.8185      0.356     -2.298      0.022      -1.517      -0.120
subj_type_fed             -0.9788      0.647     -1.513      0.130      -2.246       0.289
subj_type_it_there_rel    -1.7633      0.418     -4.223      0.000      -2.582      -0.945
subj_type_none             1.0549      1.102      0.957      0.338      -1.105       3.215
subj_type_other           -0.4456      0.329     -1.354      0.176      -1.091       0.199
subj_type_person          -0.8650      0.498     -1.736      0.082      -1.841       0.111
subj_type_risks            3.8955      8.740      0.446      0.656     -13.235      21.026
layer_min_participants     0.8272      0.290      2.855      0.004       0.259       1.395
layer_min_special         -0.5038      0.290     -1.739      0.082      -1.072       0.064
layer_min_staff           -1.6132      0.562     -2.868      0.004      -2.716      -0.511
layer_min_staff_desk      -0.8861      0.337     -2.632      0.008      -1.546      -0.226
cond                      -0.2884      0.257     -1.122      0.262      -0.792       0.215
reported                   0.9601      0.214      4.482      0.000       0.540       1.380
------------------------------------------------------------------------------------------
                   y=5       coef    std err          z      P>|z|      [0.025      0.975]
------------------------------------------------------------------------------------------
const                     -2.1931      0.682     -3.214      0.001      -3.531      -0.855
period_late                0.4905      0.203      2.411      0.016       0.092       0.889
subj_type_econ             2.4425      0.659      3.706      0.000       1.151       3.734
subj_type_fed             -6.1672     20.133     -0.306      0.759     -45.627      33.293
subj_type_it_there_rel     1.6698      0.675      2.473      0.013       0.346       2.993
subj_type_none             1.9411      1.381      1.406      0.160      -0.765       4.648
subj_type_other            2.0620      0.650      3.170      0.002       0.787       3.337
subj_type_person           0.3156      0.916      0.345      0.730      -1.479       2.110
subj_type_risks            6.5402      8.759      0.747      0.455     -10.626      23.707
layer_min_participants     1.5397      0.321      4.800      0.000       0.911       2.168
layer_min_special         -0.4456      0.349     -1.277      0.202      -1.130       0.238
layer_min_staff            1.0570      0.391      2.705      0.007       0.291       1.823
layer_min_staff_desk       0.2398      0.348      0.690      0.490      -0.442       0.921
cond                       0.2084      0.247      0.845      0.398      -0.275       0.692
reported                  -0.0330      0.204     -0.162      0.871      -0.433       0.367
==========================================================================================