                          MNLogit Regression Results                          
==============================================================================
Dep. Variable:                      y   No. Observations:                 3203
Model:                        MNLogit   Df Residuals:                     3143
Method:                           MLE   Df Model:                           55
Date:                Fri, 04 Sep 2026   Pseudo R-squ.:                 0.04810
Time:                        14:54:09   Log-Likelihood:                -5016.7
converged:                       True   LL-Null:                       -5270.2
Covariance Type:            nonrobust   LLR p-value:                 2.237e-74
==========================================================================================
                   y=1       coef    std err          z      P>|z|      [0.025      0.975]
------------------------------------------------------------------------------------------
const                     -0.6892      0.318     -2.170      0.030      -1.312      -0.067
period_late               -0.4106      0.119     -3.454      0.001      -0.644      -0.178
subj_type_econ             0.0834      0.335      0.249      0.803      -0.572       0.739
subj_type_fed              0.3007      0.587      0.512      0.609      -0.850       1.452
subj_type_it_there_rel     0.2967      0.340      0.874      0.382      -0.369       0.962
subj_type_none             0.3039      0.627      0.485      0.628      -0.925       1.532
subj_type_other            0.0960      0.328      0.292      0.770      -0.548       0.740
subj_type_person          -0.0938      0.384     -0.244      0.807      -0.846       0.658
subj_type_risks            5.4231     11.487      0.472      0.637     -17.091      27.937
subj_type_we_I            -0.6238      0.335     -1.862      0.063      -1.281       0.033
cond                       0.6937      0.124      5.576      0.000       0.450       0.937
reported                   0.0314      0.148      0.212      0.832      -0.258       0.321
------------------------------------------------------------------------------------------
                   y=2       coef    std err          z      P>|z|      [0.025      0.975]
------------------------------------------------------------------------------------------
const                     -1.8256      0.495     -3.685      0.000      -2.796      -0.855
period_late               -0.5262      0.147     -3.576      0.000      -0.815      -0.238
subj_type_econ             1.1079      0.508      2.181      0.029       0.112       2.103
subj_type_fed              0.3037      0.920      0.330      0.741      -1.499       2.106
subj_type_it_there_rel     1.0334      0.515      2.006      0.045       0.024       2.043
subj_type_none             1.3718      0.755      1.818      0.069      -0.107       2.851
subj_type_other            0.9777      0.504      1.940      0.052      -0.010       1.966
subj_type_person           1.1083      0.541      2.050      0.040       0.049       2.168
subj_type_risks           -2.5161     94.833     -0.027      0.979    -188.385     183.353
subj_type_we_I            -0.7076      0.531     -1.332      0.183      -1.749       0.334
cond                       0.6212      0.146      4.243      0.000       0.334       0.908
reported                  -0.4284      0.192     -2.236      0.025      -0.804      -0.053
------------------------------------------------------------------------------------------
                   y=3       coef    std err          z      P>|z|      [0.025      0.975]
------------------------------------------------------------------------------------------
const                     -2.5485      0.724     -3.520      0.000      -3.968      -1.130
period_late               -0.2752      0.120     -2.297      0.022      -0.510      -0.040
subj_type_econ             1.8555      0.734      2.529      0.011       0.417       3.294
subj_type_fed              3.2165      0.827      3.888      0.000       1.595       4.838
subj_type_it_there_rel     1.8508      0.738      2.508      0.012       0.405       3.297
subj_type_none             3.8935      0.828      4.703      0.000       2.271       5.516
subj_type_other            1.9373      0.730      2.655      0.008       0.507       3.368
subj_type_person           2.3454      0.748      3.136      0.002       0.880       3.811
subj_type_risks            8.0537     11.483      0.701      0.483     -14.453      30.560
subj_type_we_I             1.3640      0.732      1.864      0.062      -0.070       2.798
cond                       0.3309      0.138      2.393      0.017       0.060       0.602
reported                  -0.8852      0.202     -4.378      0.000      -1.282      -0.489
------------------------------------------------------------------------------------------
                   y=4       coef    std err          z      P>|z|      [0.025      0.975]
------------------------------------------------------------------------------------------
const                     -2.6258      0.736     -3.569      0.000      -4.068      -1.184
period_late               -0.8247      0.195     -4.224      0.000      -1.207      -0.442
subj_type_econ             1.5385      0.747      2.059      0.039       0.074       3.003
subj_type_fed              1.8285      0.945      1.935      0.053      -0.023       3.680
subj_type_it_there_rel     0.6526      0.775      0.842      0.400      -0.866       2.171
subj_type_none             1.7467      0.999      1.748      0.080      -0.211       3.705
subj_type_other            1.0453      0.748      1.398      0.162      -0.420       2.511
subj_type_person           1.4939      0.781      1.913      0.056      -0.036       3.024
subj_type_risks            7.5053     11.506      0.652      0.514     -15.045      30.056
subj_type_we_I             0.6691      0.752      0.890      0.373      -0.804       2.142
cond                      -0.0573      0.207     -0.277      0.782      -0.462       0.348
reported                   0.3901      0.195      2.003      0.045       0.008       0.772
------------------------------------------------------------------------------------------
                   y=5       coef    std err          z      P>|z|      [0.025      0.975]
------------------------------------------------------------------------------------------
const                     -2.5164      0.738     -3.410      0.001      -3.963      -1.070
period_late               -0.6946      0.148     -4.692      0.000      -0.985      -0.404
subj_type_econ             1.8329      0.748      2.450      0.014       0.366       3.299
subj_type_fed              0.4764      1.281      0.372      0.710      -2.035       2.988
subj_type_it_there_rel     2.1172      0.750      2.823      0.005       0.647       3.587
subj_type_none             1.7444      1.001      1.742      0.081      -0.218       3.707
subj_type_other            2.1528      0.743      2.898      0.004       0.697       3.609
subj_type_person           1.9329      0.770      2.510      0.012       0.423       3.442
subj_type_risks            7.3670     11.506      0.640      0.522     -15.184      29.918
subj_type_we_I            -0.5057      0.783     -0.646      0.518      -2.040       1.029
cond                       0.1142      0.158      0.723      0.469      -0.195       0.423
reported                  -0.6840      0.202     -3.391      0.001      -1.079      -0.289
==========================================================================================