                          MNLogit Regression Results                          
==============================================================================
Dep. Variable:                      y   No. Observations:                  958
Model:                        MNLogit   Df Residuals:                      908
Method:                           MLE   Df Model:                           45
Date:                Fri, 04 Sep 2026   Pseudo R-squ.:                  0.2224
Time:                        14:52:27   Log-Likelihood:                -668.22
converged:                       True   LL-Null:                       -859.30
Covariance Type:            nonrobust   LLR p-value:                 5.419e-55
==========================================================================================
                   y=1       coef    std err          z      P>|z|      [0.025      0.975]
------------------------------------------------------------------------------------------
const                      1.9990      0.564      3.547      0.000       0.894       3.103
period_late               -0.3301      0.378     -0.874      0.382      -1.070       0.410
subj_type_econ             0.3523      0.547      0.644      0.520      -0.720       1.424
subj_type_it_there_rel     0.3843      0.585      0.656      0.512      -0.763       1.532
subj_type_none             7.7736    115.018      0.068      0.946    -217.657     233.204
subj_type_other            0.3426      0.554      0.618      0.536      -0.743       1.429
subj_type_person           1.7470      0.696      2.511      0.012       0.383       3.111
subj_type_risks          -16.0348   2.32e+06   -6.9e-06      1.000   -4.55e+06    4.55e+06
cond                      -0.4315      0.448     -0.964      0.335      -1.309       0.446
reported                   0.9153      0.365      2.511      0.012       0.201       1.630
------------------------------------------------------------------------------------------
                   y=2       coef    std err          z      P>|z|      [0.025      0.975]
------------------------------------------------------------------------------------------
const                     -0.4758      0.849     -0.560      0.575      -2.141       1.189
period_late               -0.2664      0.474     -0.562      0.574      -1.196       0.663
subj_type_econ             0.5091      0.870      0.586      0.558      -1.195       2.213
subj_type_it_there_rel     2.2525      0.837      2.692      0.007       0.612       3.893
subj_type_none            -3.6477   1024.113     -0.004      0.997   -2010.872    2003.577
subj_type_other            1.4142      0.848      1.668      0.095      -0.248       3.076
subj_type_person         -15.1192    931.475     -0.016      0.987   -1840.776    1810.537
subj_type_risks           -1.0455   1.17e+04   -8.9e-05      1.000    -2.3e+04     2.3e+04
cond                       1.4912      0.515      2.897      0.004       0.482       2.500
reported                  -0.9780      0.450     -2.174      0.030      -1.860      -0.096
------------------------------------------------------------------------------------------
                   y=3       coef    std err          z      P>|z|      [0.025      0.975]
------------------------------------------------------------------------------------------
const                    -21.3585    286.071     -0.075      0.940    -582.048     539.331
period_late              -16.2898   2179.764     -0.007      0.994   -4288.549    4255.970
subj_type_econ            -9.6789   9142.723     -0.001      0.999   -1.79e+04    1.79e+04
subj_type_it_there_rel    10.5011    124.813      0.084      0.933    -234.128     255.130
subj_type_none            -0.6457   4.19e+04  -1.54e-05      1.000   -8.21e+04    8.21e+04
subj_type_other           -8.2087   5477.115     -0.001      0.999   -1.07e+04    1.07e+04
subj_type_person          -2.2216    878.228     -0.003      0.998   -1723.517    1719.073
subj_type_risks           -0.3410   5.88e+05   -5.8e-07      1.000   -1.15e+06    1.15e+06
cond                     -10.5688    284.077     -0.037      0.970    -567.349     546.211
reported                  11.2940    257.409      0.044      0.965    -493.218     515.806
------------------------------------------------------------------------------------------
                   y=4       coef    std err          z      P>|z|      [0.025      0.975]
------------------------------------------------------------------------------------------
const                      0.3646      0.670      0.544      0.586      -0.948       1.677
period_late                0.0895      0.437      0.205      0.838      -0.767       0.946
subj_type_econ             0.0913      0.653      0.140      0.889      -1.189       1.372
subj_type_it_there_rel    -1.3123      0.863     -1.520      0.128      -3.004       0.379
subj_type_none             9.6530    115.018      0.084      0.933    -215.778     235.084
subj_type_other            0.9668      0.634      1.526      0.127      -0.275       2.209
subj_type_person          -0.4918      0.949     -0.518      0.604      -2.352       1.368
subj_type_risks           -7.0614   7.44e+04  -9.49e-05      1.000   -1.46e+05    1.46e+05
cond                      -1.2421      0.679     -1.831      0.067      -2.572       0.088
reported                   0.4293      0.437      0.983      0.325      -0.426       1.285
------------------------------------------------------------------------------------------
                   y=5       coef    std err          z      P>|z|      [0.025      0.975]
------------------------------------------------------------------------------------------
const                    -11.8783    232.531     -0.051      0.959    -467.631     443.874
period_late                0.2540      0.564      0.450      0.653      -0.852       1.360
subj_type_econ            12.9258    232.531      0.056      0.956    -442.826     468.678
subj_type_it_there_rel    12.7032    232.531      0.055      0.956    -443.049     468.456
subj_type_none            -2.7096   1.96e+05  -1.38e-05      1.000   -3.84e+05    3.84e+05
subj_type_other           12.1100    232.531      0.052      0.958    -443.643     467.863
subj_type_person         -10.6469   5.04e+04     -0.000      1.000   -9.87e+04    9.87e+04
subj_type_risks           29.4555   3245.341      0.009      0.993   -6331.296    6390.207
cond                      -0.7487      0.740     -1.012      0.311      -2.198       0.701
reported                  -1.4124      0.538     -2.627      0.009      -2.466      -0.359
==========================================================================================