                          MNLogit Regression Results                          
==============================================================================
Dep. Variable:                      y   No. Observations:                11644
Model:                        MNLogit   Df Residuals:                    11579
Method:                           MLE   Df Model:                           60
Date:                Fri, 04 Sep 2026   Pseudo R-squ.:                 0.09632
Time:                        14:52:39   Log-Likelihood:                -15423.
converged:                      False   LL-Null:                       -17067.
Covariance Type:            nonrobust   LLR p-value:                     0.000
==========================================================================================
                   y=1       coef    std err          z      P>|z|      [0.025      0.975]
------------------------------------------------------------------------------------------
const                      2.2776      0.252      9.046      0.000       1.784       2.771
period_late               -0.3595      0.051     -7.012      0.000      -0.460      -0.259
subj_type_econ             0.3471      0.237      1.464      0.143      -0.117       0.812
subj_type_fed              0.2997      0.595      0.503      0.615      -0.867       1.467
subj_type_it_there_rel     1.3552      0.232      5.845      0.000       0.901       1.810
subj_type_none             1.7225      0.334      5.151      0.000       1.067       2.378
subj_type_other            1.0274      0.236      4.345      0.000       0.564       1.491
subj_type_person           1.4276      0.240      5.953      0.000       0.958       1.898
subj_type_risks            4.9872      3.337      1.494      0.135      -1.554      11.528
subj_type_we_I             1.7374      0.230      7.559      0.000       1.287       2.188
layer_pc_chair            -3.8669      0.184    -21.052      0.000      -4.227      -3.507
cond                       0.4736      0.060      7.848      0.000       0.355       0.592
reported                   0.0192      0.061      0.316      0.752      -0.100       0.138
------------------------------------------------------------------------------------------
                   y=2       coef    std err          z      P>|z|      [0.025      0.975]
------------------------------------------------------------------------------------------
const                     -0.1533      0.470     -0.326      0.745      -1.075       0.769
period_late               -0.4217      0.088     -4.766      0.000      -0.595      -0.248
subj_type_econ             1.0575      0.462      2.287      0.022       0.151       1.964
subj_type_fed              0.7715      1.107      0.697      0.486      -1.398       2.941
subj_type_it_there_rel     2.3142      0.453      5.110      0.000       1.427       3.202
subj_type_none             2.4909      0.556      4.477      0.000       1.400       3.581
subj_type_other            1.9190      0.458      4.191      0.000       1.022       2.816
subj_type_person           1.9102      0.464      4.117      0.000       1.001       2.820
subj_type_risks           -0.6590     28.839     -0.023      0.982     -57.182      55.864
subj_type_we_I             0.6294      0.461      1.364      0.173      -0.275       1.534
layer_pc_chair            -3.1609      0.220    -14.345      0.000      -3.593      -2.729
cond                       0.8478      0.093      9.141      0.000       0.666       1.030
reported                  -0.8008      0.121     -6.636      0.000      -1.037      -0.564
------------------------------------------------------------------------------------------
                   y=3       coef    std err          z      P>|z|      [0.025      0.975]
------------------------------------------------------------------------------------------
const                     -4.6436      0.910     -5.104      0.000      -6.427      -2.861
period_late                0.0686      0.071      0.966      0.334      -0.071       0.208
subj_type_econ             1.6516      0.708      2.331      0.020       0.263       3.040
subj_type_fed              3.5299      0.775      4.553      0.000       2.010       5.049
subj_type_it_there_rel     1.8568      0.704      2.636      0.008       0.476       3.237
subj_type_none             4.9615      0.726      6.836      0.000       3.539       6.384
subj_type_other            2.1378      0.707      3.025      0.002       0.753       3.523
subj_type_person           3.6680      0.704      5.212      0.000       2.289       5.047
subj_type_risks            5.8671      3.490      1.681      0.093      -0.974      12.708
subj_type_we_I             2.4710      0.701      3.523      0.000       1.096       3.845
layer_pc_chair             1.0813      0.605      1.788      0.074      -0.104       2.267
cond                       0.1914      0.080      2.406      0.016       0.035       0.347
reported                  -0.1963      0.083     -2.366      0.018      -0.359      -0.034
------------------------------------------------------------------------------------------
                   y=4       coef    std err          z      P>|z|      [0.025      0.975]
------------------------------------------------------------------------------------------
const                      0.0801      0.366      0.219      0.827      -0.638       0.798
period_late               -0.4053      0.095     -4.275      0.000      -0.591      -0.220
subj_type_econ             0.7550      0.351      2.154      0.031       0.068       1.442
subj_type_fed              1.4206      0.652      2.178      0.029       0.142       2.699
subj_type_it_there_rel     0.8161      0.351      2.324      0.020       0.128       1.504
subj_type_none             1.4919      0.521      2.865      0.004       0.471       2.513
subj_type_other            1.4381      0.349      4.126      0.000       0.755       2.121
subj_type_person           1.2105      0.361      3.349      0.001       0.502       1.919
subj_type_risks           -1.0857     23.289     -0.047      0.963     -46.732      44.560
subj_type_we_I             0.2533      0.353      0.718      0.473      -0.438       0.945
layer_pc_chair            -2.7501      0.221    -12.468      0.000      -3.182      -2.318
cond                       0.0028      0.122      0.023      0.981      -0.235       0.241
reported                   0.0565      0.108      0.521      0.602      -0.156       0.269
------------------------------------------------------------------------------------------
                   y=5       coef    std err          z      P>|z|      [0.025      0.975]
------------------------------------------------------------------------------------------
const                     -3.6454      1.886     -1.933      0.053      -7.341       0.051
period_late               -0.2714      0.102     -2.666      0.008      -0.471      -0.072
subj_type_econ             3.9725      1.880      2.113      0.035       0.288       7.657
subj_type_fed              3.2622      2.141      1.524      0.128      -0.934       7.458
subj_type_it_there_rel     4.7147      1.878      2.510      0.012       1.033       8.396
subj_type_none             4.4036      1.929      2.283      0.022       0.623       8.184
subj_type_other            4.3841      1.880      2.332      0.020       0.699       8.069
subj_type_person           4.0798      1.884      2.166      0.030       0.388       7.771
subj_type_risks            8.4075      3.913      2.149      0.032       0.739      16.076
subj_type_we_I             2.6895      1.882      1.429      0.153      -0.999       6.378
layer_pc_chair            -2.2304      0.265     -8.407      0.000      -2.750      -1.710
cond                       0.0228      0.124      0.184      0.854      -0.220       0.266
reported                  -0.5798      0.131     -4.421      0.000      -0.837      -0.323
==========================================================================================