                          MNLogit Regression Results                          
==============================================================================
Dep. Variable:                      y   No. Observations:                 6359
Model:                        MNLogit   Df Residuals:                     6279
Method:                           MLE   Df Model:                           75
Date:                Fri, 04 Sep 2026   Pseudo R-squ.:                  0.2311
Time:                        14:51:52   Log-Likelihood:                -6330.7
converged:                      False   LL-Null:                       -8233.7
Covariance Type:            nonrobust   LLR p-value:                     0.000
==========================================================================================
                   y=1       coef    std err          z      P>|z|      [0.025      0.975]
------------------------------------------------------------------------------------------
const                      1.9456      0.260      7.493      0.000       1.437       2.455
period_late                0.6049      0.138      4.373      0.000       0.334       0.876
subj_type_econ             0.9043      0.217      4.175      0.000       0.480       1.329
subj_type_fed             -1.2301      0.494     -2.489      0.013      -2.199      -0.262
subj_type_it_there_rel     0.8333      0.228      3.660      0.000       0.387       1.279
subj_type_none             0.1767      1.032      0.171      0.864      -1.846       2.199
subj_type_other            0.2261      0.208      1.087      0.277      -0.181       0.634
subj_type_person           0.7208      0.378      1.908      0.056      -0.020       1.461
subj_type_risks            2.8946      7.240      0.400      0.689     -11.295      17.084
layer_min_participants     0.9228      0.254      3.631      0.000       0.425       1.421
layer_min_special         -0.8736      0.236     -3.698      0.000      -1.337      -0.411
layer_min_staff            0.1338      0.319      0.420      0.675      -0.491       0.758
layer_min_staff_desk      -0.7006      0.255     -2.746      0.006      -1.201      -0.201
layer_statement           -5.5792      0.253    -22.072      0.000      -6.075      -5.084
cond                       1.7388      0.214      8.107      0.000       1.318       2.159
reported                   0.0979      0.145      0.676      0.499      -0.186       0.381
------------------------------------------------------------------------------------------
                   y=2       coef    std err          z      P>|z|      [0.025      0.975]
------------------------------------------------------------------------------------------
const                     -0.4785      0.307     -1.561      0.119      -1.079       0.122
period_late                0.7686      0.144      5.335      0.000       0.486       1.051
subj_type_econ             1.4896      0.249      5.982      0.000       1.002       1.978
subj_type_fed             -0.6422      0.563     -1.141      0.254      -1.745       0.461
subj_type_it_there_rel     1.6923      0.253      6.682      0.000       1.196       2.189
subj_type_none            -0.0092      1.085     -0.008      0.993      -2.136       2.118
subj_type_other            0.9573      0.240      3.983      0.000       0.486       1.428
subj_type_person           0.2229      0.433      0.515      0.607      -0.626       1.072
subj_type_risks            4.4289      7.241      0.612      0.541      -9.763      18.621
layer_min_participants     2.3573      0.278      8.482      0.000       1.813       2.902
layer_min_special          0.8496      0.263      3.227      0.001       0.334       1.366
layer_min_staff            0.9788      0.346      2.831      0.005       0.301       1.656
layer_min_staff_desk       0.3341      0.287      1.164      0.244      -0.229       0.897
layer_statement           -4.0190      0.289    -13.920      0.000      -4.585      -3.453
cond                       2.4273      0.216     11.224      0.000       2.003       2.851
reported                  -0.6732      0.151     -4.456      0.000      -0.969      -0.377
------------------------------------------------------------------------------------------
                   y=3       coef    std err          z      P>|z|      [0.025      0.975]
------------------------------------------------------------------------------------------
const                     -9.0028      7.364     -1.223      0.221     -23.435       5.430
period_late                0.5083      0.341      1.492      0.136      -0.160       1.176
subj_type_econ             6.3920      7.341      0.871      0.384      -7.996      20.780
subj_type_fed             -2.9338     56.557     -0.052      0.959    -113.784     107.916
subj_type_it_there_rel     6.7919      7.340      0.925      0.355      -7.594      21.177
subj_type_none             7.9652      7.428      1.072      0.284      -6.594      22.524
subj_type_other            5.4817      7.341      0.747      0.455      -8.907      19.871
subj_type_person          -3.2243     64.251     -0.050      0.960    -129.154     122.706
subj_type_risks           -0.8365    366.777     -0.002      0.998    -719.706     718.034
layer_min_participants     0.9591      0.740      1.295      0.195      -0.492       2.410
layer_min_special          1.7216      0.680      2.530      0.011       0.388       3.055
layer_min_staff            0.4612      0.978      0.471      0.637      -1.456       2.378
layer_min_staff_desk       0.6610      0.790      0.836      0.403      -0.888       2.210
layer_statement           -2.4667      0.822     -2.999      0.003      -4.079      -0.855
cond                       1.8190      0.419      4.337      0.000       0.997       2.641
reported                   0.3544      0.358      0.991      0.322      -0.347       1.056
------------------------------------------------------------------------------------------
                   y=4       coef    std err          z      P>|z|      [0.025      0.975]
------------------------------------------------------------------------------------------
const                      0.5725      0.306      1.871      0.061      -0.027       1.172
period_late                0.1388      0.168      0.828      0.408      -0.190       0.468
subj_type_econ             0.0182      0.252      0.072      0.942      -0.476       0.512
subj_type_fed             -0.7034      0.582     -1.208      0.227      -1.845       0.438
subj_type_it_there_rel    -0.8695      0.312     -2.784      0.005      -1.482      -0.257
subj_type_none             0.9709      1.071      0.907      0.365      -1.128       3.069
subj_type_other           -0.2223      0.243     -0.915      0.360      -0.698       0.254
subj_type_person          -0.4955      0.457     -1.085      0.278      -1.391       0.400
subj_type_risks            3.9280      7.246      0.542      0.588     -10.273      18.129
layer_min_participants     0.7376      0.286      2.580      0.010       0.177       1.298
layer_min_special         -0.5922      0.285     -2.075      0.038      -1.152      -0.033
layer_min_staff           -1.8814      0.556     -3.382      0.001      -2.972      -0.791
layer_min_staff_desk      -0.9805      0.332     -2.957      0.003      -1.630      -0.331
layer_statement           -3.6815      0.300    -12.285      0.000      -4.269      -3.094
cond                       1.2269      0.253      4.856      0.000       0.732       1.722
reported                   0.4260      0.183      2.329      0.020       0.067       0.785
------------------------------------------------------------------------------------------
                   y=5       coef    std err          z      P>|z|      [0.025      0.975]
------------------------------------------------------------------------------------------
const                     -2.8627      0.662     -4.327      0.000      -4.159      -1.566
period_late                0.5497      0.171      3.218      0.001       0.215       0.885
subj_type_econ             3.5204      0.620      5.675      0.000       2.305       4.736
subj_type_fed             -4.6365     13.019     -0.356      0.722     -30.153      20.880
subj_type_it_there_rel     2.7699      0.631      4.387      0.000       1.532       4.008
subj_type_none             2.3074      1.364      1.692      0.091      -0.366       4.980
subj_type_other            2.7375      0.620      4.414      0.000       1.522       3.953
subj_type_person           1.1021      0.902      1.222      0.222      -0.665       2.869
subj_type_risks            7.0549      7.272      0.970      0.332      -7.199      21.308
layer_min_participants     1.5034      0.320      4.697      0.000       0.876       2.131
layer_min_special         -0.5235      0.349     -1.501      0.133      -1.207       0.160
layer_min_staff            0.8715      0.388      2.247      0.025       0.111       1.632
layer_min_staff_desk       0.1298      0.347      0.375      0.708      -0.549       0.809
layer_statement           -3.1421      0.339     -9.265      0.000      -3.807      -2.477
cond                       1.7627      0.248      7.106      0.000       1.277       2.249
reported                  -0.5355      0.179     -2.993      0.003      -0.886      -0.185
==========================================================================================