                          MNLogit Regression Results                          
==============================================================================
Dep. Variable:                      y   No. Observations:                12414
Model:                        MNLogit   Df Residuals:                    12344
Method:                           MLE   Df Model:                           65
Date:                Fri, 04 Sep 2026   Pseudo R-squ.:                  0.1154
Time:                        14:11:16   Log-Likelihood:                -15947.
converged:                      False   LL-Null:                       -18027.
Covariance Type:            nonrobust   LLR p-value:                     0.000
==========================================================================================
                   y=1       coef    std err          z      P>|z|      [0.025      0.975]
------------------------------------------------------------------------------------------
const                      2.9733      0.230     12.938      0.000       2.523       3.424
period_late               -0.2752      0.050     -5.466      0.000      -0.374      -0.177
subj_type_econ            -0.4718      0.182     -2.586      0.010      -0.829      -0.114
subj_type_fed             -0.7068      0.563     -1.255      0.210      -1.811       0.397
subj_type_it_there_rel     0.5197      0.175      2.977      0.003       0.178       0.862
subj_type_none             0.8728      0.299      2.923      0.003       0.288       1.458
subj_type_other            0.1101      0.181      0.609      0.542      -0.244       0.464
subj_type_person           0.5793      0.188      3.088      0.002       0.212       0.947
subj_type_risks            4.6173      4.156      1.111      0.267      -3.528      12.763
subj_type_we_I             0.9043      0.173      5.222      0.000       0.565       1.244
layer_pc_chair            -3.8077      0.179    -21.268      0.000      -4.159      -3.457
layer_statement           -5.4753      0.236    -23.219      0.000      -5.938      -5.013
cond                       0.6430      0.060     10.762      0.000       0.526       0.760
reported                  -0.0300      0.060     -0.502      0.615      -0.147       0.087
------------------------------------------------------------------------------------------
                   y=2       coef    std err          z      P>|z|      [0.025      0.975]
------------------------------------------------------------------------------------------
const                     -1.0075      0.481     -2.095      0.036      -1.950      -0.065
period_late               -0.2590      0.087     -2.987      0.003      -0.429      -0.089
subj_type_econ             1.7294      0.450      3.842      0.000       0.847       2.612
subj_type_fed              1.0798      1.100      0.981      0.327      -1.077       3.237
subj_type_it_there_rel     3.0923      0.439      7.039      0.000       2.231       3.953
subj_type_none             3.1817      0.549      5.798      0.000       2.106       4.257
subj_type_other            2.4634      0.445      5.538      0.000       1.592       3.335
subj_type_person           2.5761      0.455      5.661      0.000       1.684       3.468
subj_type_risks           -0.3279     45.232     -0.007      0.994     -88.981      88.325
subj_type_we_I             1.3570      0.451      3.012      0.003       0.474       2.240
layer_pc_chair            -3.1970      0.216    -14.778      0.000      -3.621      -2.773
layer_statement           -3.3614      0.264    -12.731      0.000      -3.879      -2.844
cond                       1.1181      0.089     12.601      0.000       0.944       1.292
reported                  -0.8377      0.117     -7.134      0.000      -1.068      -0.608
------------------------------------------------------------------------------------------
                   y=3       coef    std err          z      P>|z|      [0.025      0.975]
------------------------------------------------------------------------------------------
const                     -4.8335      0.925     -5.225      0.000      -6.647      -3.020
period_late                0.1107      0.070      1.572      0.116      -0.027       0.249
subj_type_econ             1.7355      0.714      2.429      0.015       0.335       3.136
subj_type_fed              3.4735      0.772      4.500      0.000       1.960       4.987
subj_type_it_there_rel     1.9476      0.711      2.740      0.006       0.554       3.341
subj_type_none             5.0324      0.733      6.869      0.000       3.597       6.468
subj_type_other            2.1636      0.713      3.036      0.002       0.767       3.560
subj_type_person           3.7377      0.711      5.259      0.000       2.345       5.131
subj_type_risks            6.4283      4.282      1.501      0.133      -1.963      14.820
subj_type_we_I             2.5486      0.708      3.598      0.000       1.160       3.937
layer_pc_chair             1.1540      0.608      1.899      0.058      -0.037       2.345
layer_statement           -1.7150      0.789     -2.173      0.030      -3.262      -0.168
cond                       0.2897      0.080      3.628      0.000       0.133       0.446
reported                  -0.2196      0.082     -2.667      0.008      -0.381      -0.058
------------------------------------------------------------------------------------------
                   y=4       coef    std err          z      P>|z|      [0.025      0.975]
------------------------------------------------------------------------------------------
const                     -0.1749      0.370     -0.473      0.636      -0.899       0.549
period_late               -0.4354      0.092     -4.749      0.000      -0.615      -0.256
subj_type_econ             1.1735      0.326      3.602      0.000       0.535       1.812
subj_type_fed              1.3890      0.623      2.228      0.026       0.167       2.611
subj_type_it_there_rel     1.0890      0.329      3.310      0.001       0.444       1.734
subj_type_none             1.7444      0.506      3.445      0.001       0.752       2.737
subj_type_other            1.5631      0.326      4.790      0.000       0.924       2.203
subj_type_person           1.4777      0.344      4.298      0.000       0.804       2.152
subj_type_risks           -0.8265     29.401     -0.028      0.978     -58.451      56.798
subj_type_we_I             0.5054      0.333      1.518      0.129      -0.147       1.158
layer_pc_chair            -2.7198      0.216    -12.579      0.000      -3.144      -2.296
layer_statement           -3.4288      0.278    -12.350      0.000      -3.973      -2.885
cond                       0.0566      0.121      0.468      0.640      -0.180       0.294
reported                  -0.0716      0.107     -0.672      0.501      -0.280       0.137
------------------------------------------------------------------------------------------
                   y=5       coef    std err          z      P>|z|      [0.025      0.975]
------------------------------------------------------------------------------------------
const                     -4.6600      2.146     -2.171      0.030      -8.866      -0.454
period_late               -0.2282      0.099     -2.306      0.021      -0.422      -0.034
subj_type_econ             5.0220      2.134      2.353      0.019       0.839       9.205
subj_type_fed              3.8554      2.362      1.632      0.103      -0.774       8.485
subj_type_it_there_rel     5.6289      2.133      2.638      0.008       1.447       9.810
subj_type_none             5.3090      2.179      2.437      0.015       1.039       9.579
subj_type_other            5.2133      2.134      2.443      0.015       1.030       9.397
subj_type_person           5.0008      2.139      2.338      0.019       0.809       9.192
subj_type_risks            9.8820      4.733      2.088      0.037       0.606      19.158
subj_type_we_I             3.6074      2.137      1.688      0.091      -0.581       7.796
layer_pc_chair            -2.1615      0.262     -8.265      0.000      -2.674      -1.649
layer_statement           -2.8004      0.322     -8.698      0.000      -3.431      -2.169
cond                       0.0796      0.123      0.648      0.517      -0.161       0.320
reported                  -0.6810      0.129     -5.292      0.000      -0.933      -0.429
==========================================================================================